pair_g,pair_h,model,participant,session,y,sev,t,proba
5,12,RF,5,7,0,0,0.0,0.007094338190649666
5,12,RF,5,7,0,0,0.9979449,0.005686095931997571
5,12,RF,5,7,0,0,1.994617,0.0018886612021857924
5,12,RF,5,7,0,0,3.0001,0.0005138158443943568
5,12,RF,5,7,0,0,3.992538,0.0005138158443943568
5,12,RF,5,7,0,0,4.998353,0.05292195830508431
5,12,RF,5,7,0,0,5.994089,0.0743147102838122
5,12,RF,5,7,0,0,6.999735,0.1044472061117855
5,12,RF,5,7,0,0,7.992708,0.09534771978156034
5,12,RF,5,7,0,0,8.99801,0.13622185769429415
5,12,RF,5,7,0,0,9.992953,0.13073529100069345
5,12,RF,5,7,0,0,10.99727,0.160618130781966
5,12,RF,5,7,0,0,12.00375,0.1954352224638118
5,12,RF,5,7,0,0,12.99432,0.2201600614112897
5,12,RF,5,7,0,0,14.00173,0.20099352692325756
5,12,RF,5,7,0,0,14.99507,0.18798806871093926
5,12,RF,5,7,0,0,16.00235,0.1860192850133871
5,12,RF,5,7,0,0,16.9948,0.18139600899699318
5,12,RF,5,7,0,0,17.99868,0.16998017718157118
5,12,RF,5,7,0,0,18.99538,0.1375905661885019
5,12,RF,5,7,0,0,19.99832,0.1914198550368334
5,12,RF,5,7,0,0,20.9952,0.15228851528061438
5,12,RF,5,7,0,0,22.00016,0.14336129913003753
5,12,RF,5,7,0,0,22.9937,0.1155939837156177
5,12,RF,5,7,0,0,23.99834,0.10616099837344933
5,12,RF,5,7,0,0,24.99279,0.09830500122267437
5,12,RF,5,7,0,0,25.99831,0.10296111953387735
5,12,RF,5,7,0,0,27.00385,0.10094053023576859
5,12,RF,5,7,0,0,27.99797,0.10811663473456615
5,12,RF,5,7,0,0,29.00375,0.09169703087948887
5,12,RF,5,7,0,0,29.99829,0.06997426872937491
5,12,RF,5,7,0,0,31.0024,0.06667840492746316
5,12,RF,5,7,0,0,31.99665,0.07340347996477405
5,12,RF,5,7,0,0,33.00146,0.06438413371386018
5,12,RF,5,7,0,0,33.99636,0.06405788939329733
5,12,RF,5,7,0,0,35.00234,0.06218402782681281
5,12,RF,5,7,0,0,35.99362,0.0669608948577782
5,12,RF,5,7,0,0,37.00188,0.08885524822754141
5,12,RF,5,7,0,0,37.99537,0.09218858156087474
5,12,RF,5,7,0,0,39.00058,0.08682260560272653
5,12,RF,5,7,0,0,39.99454,0.09204573857176114
5,12,RF,5,7,0,0,41.00016,0.1006846318735692
5,12,RF,5,7,0,0,41.99364,0.11779148028237084
5,12,RF,5,7,0,0,42.99908,0.10589674743476914
5,12,RF,5,7,0,0,43.9943,0.10443006558898893
5,12,RF,5,7,0,0,44.9986,0.10256341410143581
5,12,RF,5,7,0,0,45.99447,0.09965775229208547
5,12,RF,5,7,0,0,46.99823,0.09169077439473884
5,12,RF,5,7,0,0,48.00225,0.09604080960133142
5,12,RF,5,7,0,0,48.99792,0.08036389017523929
5,12,RF,5,7,0,0,49.99257,0.07846953680547611
5,12,RF,5,7,0,0,50.99813,0.06743841477435408
5,12,RF,5,7,0,0,52.00381,0.06907496327971417
5,12,RF,5,7,0,0,52.99578,0.06267748581260543
5,12,RF,5,7,0,0,54.0017,0.053708607843727475
5,12,RF,5,7,0,0,54.99515,0.04546774849931558
5,12,RF,5,7,0,0,56.00211,0.048274678312688876
5,12,RF,5,7,0,0,56.99607,0.0475999439771165
5,12,RF,5,7,0,0,58.00155,0.04160801164602221
5,12,RF,5,7,0,0,58.99435,0.038274678312688874
5,12,RF,5,7,0,0,60.0008,0.038274678312688874
5,12,RF,5,7,0,0,60.994,0.038274678312688874
5,12,RF,5,7,0,0,61.99949,0.03818100529178437
5,12,RF,5,7,0,0,62.99507,0.04020609709174666
5,12,RF,5,7,0,0,63.99815,0.04359009215444612
5,12,RF,5,7,0,0,64.99374,0.04291535781887374
5,12,RF,5,7,0,0,65.99939,0.038351021116194754
5,12,RF,5,7,0,0,66.9928,0.03693743626957315
5,12,RF,5,7,0,0,67.99718,0.040500145045593426
5,12,RF,5,7,0,0,69.00393,0.04683592977582276
5,12,RF,5,7,0,0,69.99723,0.047397761139605275
5,12,RF,5,7,0,0,71.00259,0.05470361035560287
5,12,RF,5,7,0,0,71.99445,0.05311424128004855
5,12,RF,5,7,0,0,73.00022,0.058334717904213705
5,12,RF,5,7,0,0,73.99709,0.08033206909004861
5,12,RF,5,7,0,0,75.00314,0.07018901169144637
5,12,RF,5,7,0,0,75.99519,0.06461558894960535
5,12,RF,5,7,0,0,76.99998,0.06607999392835459
5,12,RF,5,7,0,0,77.99554,0.06941332726168792
5,12,RF,5,7,0,0,79.00001,0.06274666059502125
5,12,RF,5,7,0,0,79.99461,0.061834054253180566
5,12,RF,5,7,0,0,81.00056,0.07274666059502125
5,12,RF,5,7,0,0,82.00359,0.06661357762901543
5,12,RF,5,7,0,0,82.99943,0.06516169541893649
5,12,RF,5,7,0,0,83.99486,0.05607430176077717
5,12,RF,5,7,0,0,85.00007,0.06607430176077717
5,12,RF,5,7,0,0,86.00393,0.06607430176077717
5,12,RF,5,7,0,0,86.99812,0.06607430176077717
5,12,RF,5,7,0,0,87.99282,0.07607430176077717
5,12,RF,5,7,0,0,88.99699,0.07607430176077717
5,12,RF,5,7,0,0,90.00186,0.07460875834851245
5,12,RF,5,7,0,0,90.99645,0.07127542501517911
5,12,RF,5,7,0,0,92.00201,0.0789732137129678
5,12,RF,5,7,0,0,92.99689,0.08897321371296779
5,12,RF,5,7,0,0,94.00135,0.08460875834851243
5,12,RF,5,7,0,0,94.9968,0.09230654704630113
5,12,RF,5,7,0,0,96.00082,0.09607430176077716
5,12,RF,5,7,0,0,96.99449,0.0894076350941105
5,12,RF,5,7,0,0,98.00054,0.08794209168184577
5,12,RF,5,7,0,0,98.99588,0.08702794550549607
5,12,RF,5,7,0,0,100.0011,0.09411014040531393
5,12,RF,5,7,0,0,100.9948,0.1012849956556929
5,12,RF,5,7,0,0,101.9992,0.0998969305298313
5,12,RF,5,7,0,0,103.0026,0.09323026386316463
5,12,RF,5,7,0,0,103.9996,0.09275661071337353
5,12,RF,5,7,0,0,104.9937,0.09033742355638989
5,12,RF,5,7,0,0,105.999,0.09033742355638989
5,12,RF,5,7,0,0,106.9934,0.09036127883882941
5,12,RF,5,7,0,0,107.9972,0.09230654704630113
5,12,RF,5,7,0,0,109.0041,0.0989732137129678
5,12,RF,5,7,0,0,109.9973,0.1003612788388294
5,12,RF,5,7,0,0,111.0035,0.10182682225109414
5,12,RF,5,7,0,0,111.9956,0.10182682225109414
5,12,RF,5,7,0,0,113.0022,0.10337978220592743
5,12,RF,5,7,0,0,113.9961,0.09980703703181679
5,12,RF,5,7,0,0,115.0029,0.10579896936291107
5,12,RF,5,7,0,0,115.9965,0.14471672095164248
5,12,RF,5,7,0,0,117.001,0.17234537987547496
5,12,RF,5,7,0,0,117.9928,0.18891071002268078
5,12,RF,5,7,0,0,119.0004,0.24592935289283677
5,12,RF,5,7,0,0,119.9944,0.2453515677805493
5,12,RF,5,7,0,0,120.9998,0.24549493151169405
5,12,RF,5,7,0,0,121.9927,0.3610664261180034
5,12,RF,5,7,0,0,122.9995,0.35628652326433
5,12,RF,5,7,0,0,123.9934,0.3424163203451096
5,12,RF,5,7,0,0,124.9973,0.3390829870117763
5,12,RF,5,7,0,0,125.9932,0.3366637998547926
5,12,RF,5,7,0,0,126.9995,0.3458373067905791
5,12,RF,5,7,0,0,127.9935,0.34104677855742793
5,12,RF,5,7,0,0,128.9974,0.33090291991343707
5,12,RF,5,7,0,0,129.9926,0.3240788649256861
5,12,RF,5,7,0,0,130.9946,0.31832634443536917
5,12,RF,5,7,0,0,132.0014,0.334093724400694
5,12,RF,5,7,0,0,132.9977,0.33444142950589584
5,12,RF,5,7,0,0,134.0006,0.32889070375709956
5,12,RF,5,7,0,0,134.9947,0.3274323704237663
5,12,RF,5,7,0,0,135.9991,0.3183465166001159
5,12,RF,5,7,0,0,136.9946,0.31280568163495376
5,12,RF,5,7,0,0,138.0004,0.3051656383759665
5,12,RF,5,7,0,0,138.9938,0.3129351201210819
5,12,RF,5,7,0,0,139.9987,0.3157995563255557
5,12,RF,5,7,0,0,141.0029,0.32341986673694123
5,12,RF,5,7,0,0,141.998,0.32341986673694123
5,12,RF,5,7,0,0,143.0033,0.3243340129132909
5,12,RF,5,7,0,0,143.9993,0.32098891576696426
5,12,RF,5,7,0,0,144.9935,0.3234081029239479
5,12,RF,5,7,0,0,145.9986,0.3276555824336309
5,12,RF,5,7,0,0,146.9928,0.31807239646081464
5,12,RF,5,7,0,0,147.9981,0.31806348093491854
5,12,RF,5,7,0,0,149.0022,0.3152471844526651
5,12,RF,5,7,0,0,149.9987,0.3232768949040522
5,12,RF,5,7,0,0,151.0019,0.3323627487277025
5,12,RF,5,7,0,0,151.9956,0.3232768949040522
5,12,RF,5,7,0,0,153.0024,0.3256960820610358
5,12,RF,5,7,0,0,153.9956,0.31994356157071885
5,12,RF,5,7,0,0,155.0018,0.3200478555320747
5,12,RF,5,7,0,0,155.9956,0.32955055152859647
5,12,RF,5,7,0,0,156.9987,0.33251473457851244
5,12,RF,5,7,0,0,157.9938,0.3428838848619298
5,12,RF,5,7,0,0,158.9985,0.34379803103827944
5,12,RF,5,7,0,0,159.9931,0.3462172181952631
5,12,RF,5,7,0,0,160.9992,0.34392023777914743
5,12,RF,5,7,0,0,162.0035,0.34018975071838065
5,12,RF,5,7,0,0,162.9995,0.32867579421185067
5,12,RF,5,7,0,0,163.9937,0.3343882127795476
5,12,RF,5,7,0,0,164.9992,0.3310106406081724
5,12,RF,5,7,0,0,166.0039,0.3515483766419017
5,12,RF,5,7,0,0,166.9984,0.3410106406081725
5,12,RF,5,7,0,0,167.9929,0.3682150433085684
5,12,RF,5,7,0,0,168.997,0.3495413024175228
5,12,RF,5,7,0,0,170.0035,0.3530044732832977
5,12,RF,5,7,0,0,170.9975,0.36440752329973686
5,12,RF,5,7,0,0,172.001,0.35870363835297975
5,12,RF,5,7,0,0,172.9949,0.34970054257128697
5,12,RF,5,7,0,0,174.0025,0.3524498435745948
5,12,RF,5,7,0,0,174.9966,0.36390787923373286
5,12,RF,5,7,0,0,176.0022,0.35148869207674927
5,12,RF,5,7,0,0,176.9957,0.3572412125670662
5,12,RF,5,7,0,0,178.0007,0.3554539245350631
5,12,RF,5,7,0,0,178.996,0.3341072141808964
5,12,RF,5,7,0,0,180.0002,0.34733962829535403
5,12,RF,5,7,0,0,180.9951,0.3608209711872827
5,12,RF,5,7,0,0,181.9999,0.39079244989555334
5,12,RF,5,7,0,0,182.9938,0.39615182861019
5,12,RF,5,7,0,0,183.9994,0.4956622138481885
5,12,RF,5,7,0,0,184.9946,0.49850012513009306
5,12,RF,5,7,0,0,185.9985,0.5032891354518904
5,12,RF,5,7,0,0,187.0036,0.5038077056514672
5,12,RF,5,7,0,0,187.9986,0.5032566556102054
5,12,RF,5,7,0,0,188.994,0.5163215219168684
5,12,RF,5,7,0,0,189.9969,0.5168270123791089
5,12,RF,5,7,0,0,191.0028,0.5259011268601621
5,12,RF,5,7,0,0,191.9973,0.5225677935268287
5,12,RF,5,7,0,0,193.0028,0.5225677935268287
5,12,RF,5,7,0,0,193.9961,0.5247139168983685
5,12,RF,5,7,0,0,195.0002,0.5180472502317018
5,12,RF,5,7,0,0,195.9969,0.5206935524825057
5,12,RF,5,7,0,0,197.0008,0.5158912604363611
5,12,RF,5,7,0,0,197.996,0.516817145955308
5,12,RF,5,7,0,0,199.0008,0.516817145955308
5,12,RF,5,7,0,0,199.9948,0.526504784183069
5,12,RF,5,7,0,0,201.001,0.5298381175164024
5,12,RF,5,7,0,0,201.9949,0.5331714508497357
5,12,RF,5,7,0,0,202.9978,0.5350589736184059
5,12,RF,5,7,0,0,203.994,0.5383923069517393
5,12,RF,5,7,0,0,204.9967,0.5412341905028565
5,12,RF,5,7,0,0,205.9934,0.5469796133450535
5,12,RF,5,7,0,0,207.0,0.5492709038754632
5,12,RF,5,7,0,0,208.0029,0.5484493310135418
5,12,RF,5,7,0,0,208.9988,0.5465576339886479
5,12,RF,5,7,0,0,210.0011,0.5332243006553146
5,12,RF,5,7,0,0,210.9983,0.5280265927014591
5,12,RF,5,7,0,0,212.0021,0.5390098596657806
5,12,RF,5,7,0,0,212.9966,0.5346932593681257
5,12,RF,5,7,0,0,214.0021,0.5435862231949952
5,12,RF,5,7,0,0,214.9953,0.5402528898616619
5,12,RF,5,7,0,0,216.0009,0.5458775137254049
5,12,RF,5,7,0,0,216.996,0.5338760158962105
5,12,RF,5,7,0,0,218.0005,0.5272093492295438
5,12,RF,5,7,1,1,218.9956,0.5219843188713167
5,12,RF,5,7,1,1,219.9999,0.520120323728633
5,12,RF,5,7,1,1,220.9944,0.5144184180948131
5,12,RF,5,7,1,1,221.9987,0.5153396619192827
5,12,RF,5,7,1,1,223.0024,0.5167858519617843
5,12,RF,5,7,1,1,223.999,0.5205275034493373
5,12,RF,5,7,1,1,224.994,0.5153165137711346
5,12,RF,5,7,1,1,225.9992,0.5162869669715587
5,12,RF,5,7,1,1,226.9933,0.5253165137711345
5,12,RF,5,7,1,1,227.9978,0.5272082107960282
5,12,RF,5,7,1,1,228.9928,0.5348407769290572
5,12,RF,5,7,1,1,229.9977,0.5257536722410798
5,12,RF,5,7,1,1,231.0025,0.5182605028421728
5,12,RF,5,7,1,1,231.9957,0.5263965076994892
5,12,RF,5,7,1,1,233.0028,0.5215938361755061
5,12,RF,5,7,1,1,233.996,0.5215938361755061
5,12,RF,5,7,1,1,235.002,0.5215938361755061
5,12,RF,5,7,1,1,235.9946,0.5215938361755061
5,12,RF,5,7,1,1,237.0005,0.5211495075114124
5,12,RF,5,7,1,1,237.9957,0.5244461199770232
5,12,RF,5,7,1,1,238.9999,0.5187006971348261
5,12,RF,5,7,1,1,239.9937,0.5134900869344619
5,12,RF,5,7,1,1,240.9994,0.5163480629035563
5,12,RF,5,7,1,1,241.9947,0.5111298631464221
5,12,RF,5,7,1,1,242.9996,0.517782109655226
5,12,RF,5,7,1,1,243.9935,0.5201202914734078
5,12,RF,5,7,1,1,244.9977,0.5267869581400745
5,12,RF,5,7,1,1,246.0013,0.5367869581400745
5,12,RF,5,7,1,1,246.9993,0.5471907259018137
5,12,RF,5,7,1,1,247.9925,0.5515661020380708
5,12,RF,5,7,1,1,248.9948,0.5548994353714041
5,12,RF,5,7,1,1,250.0025,0.5634297177029158
5,12,RF,5,7,1,1,250.998,0.5471668187979886
5,12,RF,5,7,1,1,252.0027,0.5463228567435959
5,12,RF,5,7,1,1,252.9959,0.5429895234102625
5,12,RF,5,7,1,1,254.0011,0.5463228567435958
5,12,RF,5,7,1,1,254.9948,0.5529895234102625
5,12,RF,5,7,1,1,256.0013,0.5563228567435958
5,12,RF,5,7,1,1,256.994,0.5511217334891939
5,12,RF,5,7,1,1,258.0011,0.5511217334891939
5,12,RF,5,7,1,1,258.9933,0.5611134492168588
5,12,RF,5,7,1,1,259.9996,0.5686627526925583
5,12,RF,5,7,1,1,260.9945,0.5597047954954818
5,12,RF,5,7,1,1,262.0007,0.5497653785037793
5,12,RF,5,7,1,1,262.9942,0.5449665017581812
5,12,RF,5,7,1,1,263.9989,0.5464320451704459
5,12,RF,5,7,1,1,265.0031,0.5497653785037793
5,12,RF,5,7,1,1,265.9983,0.5416396195481022
5,12,RF,5,7,1,1,267.0032,0.5296063262979132
5,12,RF,5,7,1,1,267.9985,0.5299701493502577
5,12,RF,5,7,1,1,269.0014,0.5366368160169244
5,12,RF,5,7,1,1,269.9975,0.538661389936861
5,12,RF,5,7,1,1,271.003,0.5448451869401222
5,12,RF,5,7,1,1,271.9947,0.5496478584641051
5,12,RF,5,7,1,1,273.0017,0.5476232845441686
5,12,RF,5,7,1,1,273.9952,0.5476232845441686
5,12,RF,5,7,1,1,275.0027,0.5361539463535189
5,12,RF,5,7,1,1,275.9961,0.5375242004213425
5,12,RF,5,7,1,1,276.9996,0.5442185689702193
5,12,RF,5,7,1,1,277.9951,0.5456602052786589
5,12,RF,5,7,1,1,278.9993,0.5395764762234893
5,12,RF,5,7,1,1,279.9949,0.5443374051852378
5,12,RF,5,7,1,1,280.9994,0.5410040718519045
5,12,RF,5,7,1,1,282.0031,0.5428900767092208
5,12,RF,5,7,1,1,282.9984,0.5395567433758875
5,12,RF,5,7,1,1,283.9934,0.5395567433758875
5,12,RF,5,7,1,1,284.9965,0.5395567433758875
5,12,RF,5,7,1,1,285.9926,0.5428900767092208
5,12,RF,5,7,1,1,286.9979,0.5447677330540902
5,12,RF,5,7,1,1,288.0005,0.5428900767092208
5,12,RF,5,7,1,1,288.9972,0.5414211179964097
5,12,RF,5,7,1,1,289.9999,0.5395491538191176
5,12,RF,5,7,1,1,290.9973,0.5428824871524509
5,12,RF,5,7,1,1,292.0016,0.5362158204857842
5,12,RF,5,7,1,1,292.9963,0.5262158204857842
5,12,RF,5,7,1,1,294.0009,0.5228824871524509
5,12,RF,5,7,1,1,294.9931,0.5243965834508347
5,12,RF,5,7,1,1,296.0004,0.49359990548014954
5,12,RF,5,7,1,1,296.9958,0.49025121613230466
5,12,RF,5,7,1,1,297.9999,0.4892560646171532
5,12,RF,5,7,1,1,298.994,0.4877905212048884
5,12,RF,5,7,1,1,299.9984,0.4892598593955381
5,12,RF,5,7,1,1,300.9926,0.49755966866095896
5,12,RF,5,7,1,1,301.9978,0.4990058587034605
5,12,RF,12,18,0,0,0.0,0.0013179772306063013
5,12,RF,12,18,0,0,1.008357,0.0
5,12,RF,12,18,0,0,2.00824,0.0018916970248937463
5,12,RF,12,18,0,0,3.008948,0.015218579234972678
5,12,RF,12,18,0,0,3.999748,0.008552671523983
5,12,RF,12,18,0,0,4.999649,0.006666666666666667
5,12,RF,12,18,0,0,6.000401,0.04224785675049392
5,12,RF,12,18,0,0,6.999671,0.05759202711490142
5,12,RF,12,18,0,0,8.000978,0.044670765490102356
5,12,RF,12,18,0,0,9.002599,0.023449859558594573
5,12,RF,12,18,0,0,10.0028,0.03929760003566665
5,12,RF,12,18,0,0,11.00139,0.0501077416823218
5,12,RF,12,18,0,0,12.00211,0.061675460765292345
5,12,RF,12,18,0,0,13.00259,0.06579016077083154
5,12,RF,12,18,0,0,14.00278,0.058711578785020715
5,12,RF,12,18,0,0,15.00179,0.05782751954959407
5,12,RF,12,18,0,0,16.00156,0.055991605766958975
5,12,RF,12,18,0,0,17.0027,0.044579837943295224
5,12,RF,12,18,0,0,18.00079,0.04554268749001027
5,12,RF,12,18,0,0,19.00123,0.10894863198519436
5,12,RF,12,18,0,0,20.00084,0.0994197338106981
5,12,RF,12,18,0,0,21.00071,0.08467693162044658
5,12,RF,12,18,0,0,22.00156,0.07622941267858753
5,12,RF,12,18,0,0,23.00053,0.0652407000785974
5,12,RF,12,18,0,0,24.00102,0.0671027978320886
5,12,RF,12,18,0,0,25.00209,0.0661790796969718
5,12,RF,12,18,0,0,26.0016,0.05872253357612659
5,12,RF,12,18,0,0,27.00249,0.05985303037652001
5,12,RF,12,18,0,0,28.0012,0.05505143582094201
5,12,RF,12,18,0,0,29.00121,0.04236365904678548
5,12,RF,12,18,0,0,30.00123,0.04710776841851194
5,12,RF,12,18,0,0,31.00164,0.05248641646089116
5,12,RF,12,18,0,0,32.00216,0.07317916610334144
5,12,RF,12,18,0,0,33.00088,0.06829685514695945
5,12,RF,12,18,0,0,34.00269,0.05824009878111396
5,12,RF,12,18,0,0,35.00294,0.07241972893949522
5,12,RF,12,18,0,0,36.00311,0.09155243826820168
5,12,RF,12,18,0,0,37.00309,0.09153378880207237
5,12,RF,12,18,0,0,38.00405,0.10086459382040616
5,12,RF,12,18,0,0,39.00333,0.11478309397712318
5,12,RF,12,18,0,0,40.00485,0.14354202445849212
5,12,RF,12,18,0,0,41.00397,0.11240391106608953
5,12,RF,12,18,0,0,42.00266,0.12987334252926172
5,12,RF,12,18,0,0,43.00225,0.17057622821160084
5,12,RF,12,18,0,0,44.00298,0.17395182443312038
5,12,RF,12,18,0,0,45.00437,0.1088776656657501
5,12,RF,12,18,0,0,46.00364,0.11241114520816903
5,12,RF,12,18,0,0,47.00359,0.10574079750117385
5,12,RF,12,18,0,0,48.0054,0.11480526050102063
5,12,RF,12,18,0,0,49.00593,0.11680070931555764
5,12,RF,12,18,0,0,50.00617,0.11057044216315935
5,12,RF,12,18,0,0,51.00528,0.11493564209133827
5,12,RF,12,18,0,0,52.00639,0.11685314360924963
5,12,RF,12,18,1,1,53.00624,0.08737922921350927
5,12,RF,12,18,1,1,54.00494,0.08985266576481464
5,12,RF,12,18,1,1,55.00533,0.10230001730824637
5,12,RF,12,18,1,1,56.00521,0.09064860113611399
5,12,RF,12,18,1,1,57.00574,0.09287047510469632
5,12,RF,12,18,1,1,58.0062,0.0821737966091669
5,12,RF,12,18,1,1,59.00651,0.06507710712549333
5,12,RF,12,18,1,1,60.0065,0.06188483254668758
5,12,RF,12,18,1,1,61.00676,0.04188483254668758
5,12,RF,12,18,1,1,62.00747,0.06517243924126302
5,12,RF,12,18,1,1,63.00783,0.0598508443739878
5,12,RF,12,18,1,1,64.00652,0.08605170869688554
5,12,RF,12,18,1,1,65.00637,0.09594415191267518
5,12,RF,12,18,1,1,66.00661,0.10728291048934664
5,12,RF,12,18,1,1,67.00733,0.10562434518816721
5,12,RF,12,18,1,1,68.0062,0.1162227693211796
5,12,RF,12,18,1,1,69.00656,0.1186491195105814
5,12,RF,12,18,1,1,70.00576,0.13485372635588833
5,12,RF,12,18,1,1,71.007,0.15108545853090222
5,12,RF,12,18,1,1,72.00552,0.14675471325207978
5,12,RF,12,18,1,1,73.00641,0.13103334181768517
5,12,RF,12,18,1,1,74.00616,0.12906631796452261
5,12,RF,12,18,1,1,75.00674,0.1276808452865959
5,12,RF,12,18,1,1,76.00529,0.11531207761797811
5,12,RF,12,18,1,1,77.00492,0.10864541095131144
5,12,RF,12,18,1,1,78.00499,0.09895936922121017
5,12,RF,12,18,1,1,79.00438,0.11085755170013911
5,12,RF,12,18,1,1,80.00517,0.10812122868228506
5,12,RF,12,18,1,1,81.00525,0.10261932185934378
5,12,RF,12,18,1,1,82.00571,0.09496561523996674
5,12,RF,12,18,1,1,83.0059,0.08974703600499406
5,12,RF,12,18,1,1,84.00636,0.09492442843676248
5,12,RF,12,18,1,1,85.00627,0.0909087749664958
5,12,RF,12,18,1,1,86.00544,0.08157381354510412
5,12,RF,12,18,1,1,87.00535,0.09677877811395738
5,12,RF,12,18,1,1,88.00661,0.09811753669062884
5,12,RF,12,18,1,1,89.00671,0.09657349195898704
5,12,RF,12,18,1,1,90.0069,0.09048063213849124
5,12,RF,12,18,1,1,91.00655,0.09763723746455275
5,12,RF,12,18,1,1,92.00586,0.09563307248900636
5,12,RF,12,18,1,1,93.00626,0.10179075084304408
5,12,RF,12,18,1,1,94.00586,0.0925234686241063
5,12,RF,12,18,1,1,95.00709,0.09353890573299505
5,12,RF,12,18,1,1,96.00739,0.1305523540334451
5,12,RF,12,18,1,1,97.00674,0.15968333332247434
5,12,RF,12,18,1,1,98.00808,0.1591117103775954
5,12,RF,12,18,1,1,99.00751,0.20092842550066295
5,12,RF,12,18,1,1,100.0077,0.23139537702746252
5,12,RF,12,18,1,1,101.0096,0.24861165692437548
5,12,RF,12,18,1,1,102.0074,0.270758345425995
5,12,RF,12,18,1,1,103.0078,0.25622214619717276
5,12,RF,12,18,1,1,104.0074,0.2185579160621476
5,12,RF,12,18,1,1,105.0075,0.19325350897882487
5,12,RF,12,18,1,1,106.0091,0.2642619598325178
5,12,RF,12,18,1,1,107.0098,0.29598694577341633
5,12,RF,12,18,1,2,108.0099,0.31173887602588074
5,12,RF,12,18,1,2,109.0091,0.3113804719380383
5,12,RF,12,18,1,2,110.0078,0.31063353534320676
5,12,RF,12,18,1,2,111.0087,0.30942953101420234
5,12,RF,12,18,1,2,112.0099,0.2971715979900128
5,12,RF,12,18,1,2,113.0093,0.26837712023037114
5,12,RF,12,18,1,2,114.009,0.2667499969371412
5,12,RF,12,18,1,2,115.0081,0.2601832033509735
5,12,RF,12,18,1,2,116.0078,0.32136146416626143
5,12,RF,12,18,1,2,117.0074,0.321150746331594
5,12,RF,12,18,1,2,118.0071,0.32393909564377055
5,12,RF,12,18,1,2,119.0083,0.3011244851604187
5,12,RF,12,18,1,2,120.009,0.3144676537433613
5,12,RF,12,18,1,2,120.9984,0.3153113458522667
5,12,RF,12,18,1,2,122.0074,0.2986443489103981
5,12,RF,12,18,1,2,123.0077,0.30908625486328944
5,12,RF,12,18,1,2,123.9986,0.32537868329693215
5,12,RF,12,18,1,2,125.0092,0.31965551248324525
5,12,RF,12,18,1,2,125.9986,0.32444999811949177
5,12,RF,12,18,1,2,126.9988,0.3300457571260868
5,12,RF,12,18,1,2,127.9989,0.3688607282465815
5,12,RF,12,18,1,2,128.9988,0.4427738443338128
5,12,RF,12,18,1,2,129.9991,0.4689083726081711
5,12,RF,12,18,1,2,130.9994,0.5068896584960212
5,12,RF,12,18,1,2,131.999,0.5084332742469474
5,12,RF,12,18,1,2,132.9998,0.5231263953590453
5,12,RF,12,18,1,2,133.9993,0.5255777632990846
5,12,RF,12,18,1,2,134.9985,0.49359555204699035
5,12,RF,12,18,1,2,135.9998,0.4463430799009744
5,12,RF,12,18,1,2,136.9992,0.4466693168909234
5,12,RF,12,18,1,2,137.9989,0.4546194935588435
5,12,RF,12,18,1,2,138.9988,0.4387563350959283
5,12,RF,12,18,1,2,139.9986,0.42542480310192443
5,12,RF,12,18,1,2,140.9988,0.4085110629499323
5,12,RF,12,18,1,2,141.9991,0.39184429121593484
5,12,RF,12,18,1,2,142.9998,0.3466564926481273
5,12,RF,12,18,1,2,143.9999,0.3520441890605918
5,12,RF,12,18,1,2,145.0001,0.31740202437810255
5,12,RF,12,18,1,2,146.001,0.2998965675637817
5,12,RF,12,18,1,2,147.0007,0.3208272098927343
5,12,RF,12,18,1,2,148.0004,0.3288797417728663
5,12,RF,12,18,1,2,149.001,0.3088500717264651
5,12,RF,12,18,1,2,150.0006,0.2968863623732019
5,12,RF,12,18,1,2,151.0011,0.32449531291982886
5,12,RF,12,18,1,2,152.0004,0.3306994624533508
5,12,RF,12,18,1,2,153.001,0.35119555350538384
5,12,RF,12,18,1,2,154.0011,0.33929518606034637
5,12,RF,12,18,1,2,155.0003,0.3290937571249002
5,12,RF,12,18,1,2,156.001,0.3288522374457029
5,12,RF,12,18,1,2,156.9993,0.32215407411844127
5,12,RF,12,18,1,2,157.9988,0.3002550979615966
5,12,RF,12,18,1,2,159.0003,0.30025509796159655
5,12,RF,12,18,1,2,160.0008,0.26952211924343644
5,12,RF,12,18,1,2,160.9996,0.27201350276008573
5,12,RF,12,18,1,2,162.0001,0.2853523380211822
5,12,RF,12,18,1,2,163.0001,0.2952621071200786
5,12,RF,12,18,1,2,164.0005,0.309075544344147
5,12,RF,12,18,1,2,165.0004,0.3530092413828936
5,12,RF,12,18,1,2,166.0017,0.3811523355223345
5,12,RF,12,18,1,2,167.0011,0.46512653512597346
5,12,RF,12,18,1,2,168.0008,0.4753302995537998
5,12,RF,12,18,1,2,168.9998,0.5124550942736971
5,12,RF,12,18,1,2,170.0002,0.4917693242092845
5,12,RF,12,18,1,2,170.9997,0.48739764126590607
5,12,RF,12,18,1,2,172.0014,0.45268630995966846
5,12,RF,12,18,1,2,173.0018,0.46416801845823663
5,12,RF,12,18,1,2,174.0013,0.4426206417875373
5,12,RF,12,18,1,2,175.0014,0.4396629117490949
5,12,RF,12,18,1,2,176.0028,0.4472407654321178
5,12,RF,12,18,1,2,177.0029,0.4114415859874015
5,12,RF,12,18,1,2,178.0038,0.37865989991411764
5,12,RF,12,18,1,2,179.0038,0.37771956597761336
5,12,RF,12,18,1,2,180.0031,0.3795930480662594
5,12,RF,12,18,1,2,181.0029,0.38584270131890896
5,12,RF,12,18,1,2,182.0026,0.38109581303718465
5,12,RF,12,18,1,2,183.0027,0.42269601055667727
5,12,RF,12,18,1,2,184.0022,0.42602934389001057
5,12,RF,12,18,1,2,185.0028,0.4264990343877804
5,12,RF,12,18,1,2,186.0024,0.42994680481799963
5,12,RF,12,18,1,2,187.0021,0.4655263395037982
5,12,RF,12,18,1,2,188.0025,0.46265809619584236
5,12,RF,12,18,1,3,189.0021,0.49361595241014244
5,12,RF,12,18,1,3,190.0029,0.5058013294434903
5,12,RF,12,18,1,3,191.0034,0.5775133863770394
5,12,RF,12,18,1,3,192.002,0.5927501898465539
5,12,RF,12,18,1,3,193.0013,0.5933210687015754
5,12,RF,12,18,1,3,194.0016,0.5906845391582242
5,12,RF,12,18,1,3,195.0015,0.6075808995456585
5,12,RF,12,18,1,3,196.0016,0.6128491903774741
5,12,RF,12,18,1,3,197.0011,0.6248601089124821
5,12,RF,12,18,1,3,198.0019,0.6466958130633395
5,12,RF,12,18,1,3,199.0027,0.6573013033556286
5,12,RF,12,18,1,3,200.0016,0.6596144560731633
5,12,RF,12,18,1,3,201.0032,0.6606278668860995
5,12,RF,12,18,1,1,202.0032,0.6584965184981014
5,12,RF,12,18,1,1,203.0031,0.6595537114994893
5,12,RF,12,18,1,1,204.0051,0.6379173487538861
5,12,RF,12,18,1,1,205.0046,0.6386069742363275
5,12,RF,12,18,1,1,206.0048,0.631458174769901
5,12,RF,12,18,1,1,207.0044,0.6281936270148986
5,12,RF,12,18,1,1,208.0034,0.6242311047850394
5,12,RF,12,18,1,1,209.0041,0.6208977714517061
5,12,RF,12,18,1,1,210.0043,0.6103645982707309
5,12,RF,12,18,1,1,211.0044,0.5909541005137028
5,12,RF,12,18,1,1,212.0051,0.5961711618373216
5,12,RF,12,18,1,1,213.0056,0.5904709521569448
5,12,RF,12,18,1,1,214.004,0.5732328649338606
5,12,RF,12,18,1,1,215.0044,0.5667609885632704
5,12,RF,12,18,1,1,216.0038,0.5473324753560408
5,12,RF,12,18,1,1,217.0047,0.5332796734382205
5,12,RF,12,18,1,1,218.0059,0.4991991268435939
5,12,RF,12,18,1,1,219.0059,0.48235006417494036
5,12,RF,12,18,1,1,220.0052,0.48543546564140805
5,12,RF,12,18,1,1,221.0061,0.4939851013426831
5,12,RF,12,18,1,1,222.0059,0.5097949734020096
5,12,RF,12,18,1,1,223.0056,0.5217381278338393
5,12,RF,12,18,1,1,224.0057,0.5265081642637119
5,12,RF,12,18,1,1,225.0056,0.5355483144048433
5,12,RF,12,18,1,1,226.0055,0.5408872251831525
5,12,RF,12,18,1,1,227.0059,0.5355713553175478
5,12,RF,12,18,1,1,228.005,0.527481646756528
5,12,RF,12,18,1,1,229.0065,0.5208149800898613
5,12,RF,12,18,1,1,230.0075,0.5412554458138611
5,12,RF,12,18,1,1,231.0063,0.5287178696971138
5,12,RF,12,18,1,1,232.0068,0.5418192860671044
5,12,RF,12,18,1,1,233.0066,0.5333019059821014
5,12,RF,12,18,1,1,234.0066,0.5166082963889015
5,12,RF,12,18,1,1,235.0065,0.5088961019252035
5,12,RF,12,18,1,1,236.0055,0.49677871278853386
5,12,RF,12,18,1,1,237.0056,0.513285618912165
5,12,RF,12,18,1,1,238.0052,0.5167845770578284
5,12,RF,12,18,1,1,239.0056,0.5071933805833015
5,12,RF,12,18,1,1,240.0051,0.48934047792946617
5,12,RF,12,18,1,1,241.0055,0.46700234047282135
5,12,RF,12,18,1,1,242.0062,0.467542008335202
5,12,RF,12,18,1,2,243.0076,0.46113890060445956
5,12,RF,12,18,1,2,244.0073,0.4649645992675992
5,12,RF,12,18,1,2,245.0063,0.4689515530845006
5,12,RF,12,18,1,2,246.0071,0.4478488129480955
5,12,RF,12,18,1,2,247.0066,0.4657030292485714
5,12,RF,12,18,1,2,248.0063,0.45534019921813856
5,12,RF,12,18,1,2,249.0063,0.4557303022192974
5,12,RF,12,18,1,2,250.0067,0.45962079107815307
5,12,RF,12,18,1,2,251.0069,0.4426131089937882
5,12,RF,12,18,1,2,252.0063,0.43285126991881173
5,12,RF,12,18,1,2,253.0062,0.4376798044229605
5,12,RF,12,18,1,2,254.007,0.4344658343000765
5,12,RF,12,18,1,3,255.0065,0.4311017632618251
5,12,RF,12,18,1,3,256.0077,0.47716609239711877
5,12,RF,12,18,1,3,257.0081,0.5072718438454901
5,12,RF,12,18,1,3,258.0063,0.48575897763518017
5,12,RF,12,18,1,3,259.008,0.4890567638758205
5,12,RF,12,18,1,3,260.007,0.49007014411801264
5,12,RF,12,18,1,3,261.0075,0.5746671804177641
5,12,RF,12,18,1,3,262.0077,0.5725687129261543
5,12,RF,12,18,1,3,263.0085,0.5899008193500876
5,12,RF,12,18,1,3,264.0075,0.5483175055056367
5,12,RF,12,18,1,3,265.0075,0.5411192305935248
5,12,RF,12,18,1,3,266.0073,0.5244483896706348
5,12,RF,12,18,1,3,267.0079,0.5350239140797357
5,12,RF,12,18,1,3,268.0078,0.5627002909417517
5,12,RF,12,18,1,3,269.0071,0.5836294610325165
5,12,RF,12,18,1,3,270.0084,0.5817607819638978
5,12,RF,12,18,1,3,271.0077,0.5896960877240487
5,12,RF,12,18,1,3,272.0077,0.5712314920882736
5,12,RF,12,18,1,3,273.0062,0.5745318108496579
5,12,RF,12,18,1,3,274.0075,0.5684904410869156
5,12,RF,12,18,1,3,275.0082,0.5798465750710085
5,12,RF,12,18,1,3,276.0084,0.5873075207931054
5,12,RF,12,18,1,3,277.008,0.5827510789176331
5,12,RF,12,18,1,3,278.0078,0.5896812356102648
5,12,RF,12,18,1,3,279.0087,0.5723066340025706
5,12,RF,12,18,1,3,279.9987,0.5566685061162866
5,12,RF,12,18,1,3,280.9984,0.5689031722546414
5,12,RF,12,18,1,3,282.0078,0.5713467819935122
5,12,RF,12,18,1,3,283.0088,0.5938205400263386
5,12,RF,12,18,1,3,284.0084,0.6104851382529717
5,12,RF,12,18,1,3,285.0089,0.6171658455996627
5,12,RF,12,18,1,3,286.0092,0.6070456572496816
5,12,RF,12,18,1,3,287.0081,0.5938672256415752
5,12,RF,12,18,1,3,288.0087,0.6038672256415752
5,12,RF,12,18,1,3,289.0087,0.6029145312827981
5,12,RF,12,18,1,3,290.0087,0.6071170674521789
5,12,RF,12,18,1,3,290.9989,0.6224733971425249
5,12,RF,12,18,1,3,291.9995,0.6261091957104361
5,12,RF,12,18,1,3,293.0102,0.6134543473550325
5,12,RF,12,18,1,3,293.9985,0.5842693513697222
5,12,RF,12,18,1,3,295.0103,0.586431207833521
5,12,RF,12,18,1,3,296.0102,0.5852963260968725
5,12,RF,12,18,1,3,297.0093,0.5984147465749279
5,12,RF,12,18,1,3,297.9989,0.5960495256881487
5,12,RF,12,18,1,3,298.9991,0.5926304829306255
5,12,RF,12,18,1,3,299.9987,0.6042725623809047
5,12,RF,12,18,1,3,300.9995,0.6100124139740953
5,12,RF,12,18,1,3,302.0092,0.5932727585083127
5,12,GB,5,7,0,0,0.0,0.00011533590070469565
5,12,GB,5,7,0,0,0.9979449,0.00039464886074391955
5,12,GB,5,7,0,0,1.994617,0.00020010436227804648
5,12,GB,5,7,0,0,3.0001,0.00013820753831371248
5,12,GB,5,7,0,0,3.992538,0.00017930002733393218
5,12,GB,5,7,0,0,4.998353,0.0005450052837406832
5,12,GB,5,7,0,0,5.994089,0.0005253944320620209
5,12,GB,5,7,0,0,6.999735,0.0005054420948750522
5,12,GB,5,7,0,0,7.992708,0.0003893621663802152
5,12,GB,5,7,0,0,8.99801,0.0007675728543533516
5,12,GB,5,7,0,0,9.992953,0.000610447708918313
5,12,GB,5,7,0,0,10.99727,0.0007451197318902055
5,12,GB,5,7,0,0,12.00375,0.0005870970310482533
5,12,GB,5,7,0,0,12.99432,0.000740304659655711
5,12,GB,5,7,0,0,14.00173,0.0005102700081879929
5,12,GB,5,7,0,0,14.99507,0.0005416639733715923
5,12,GB,5,7,0,0,16.00235,0.0003978260080432263
5,12,GB,5,7,0,0,16.9948,0.0004336310031843563
5,12,GB,5,7,0,0,17.99868,0.00036738924326786736
5,12,GB,5,7,0,0,18.99538,0.00026519928264017795
5,12,GB,5,7,0,0,19.99832,0.00024607035563595177
5,12,GB,5,7,0,0,20.9952,0.00019477682211541984
5,12,GB,5,7,0,0,22.00016,0.0001856553512862718
5,12,GB,5,7,0,0,22.9937,0.0002233741537634785
5,12,GB,5,7,0,0,23.99834,0.0002624478690888544
5,12,GB,5,7,0,0,24.99279,0.0002855870526024938
5,12,GB,5,7,0,0,25.99831,0.00032256314430657997
5,12,GB,5,7,0,0,27.00385,0.00031503281254237277
5,12,GB,5,7,0,0,27.99797,0.0002816483734028571
5,12,GB,5,7,0,0,29.00375,0.00026068628276436665
5,12,GB,5,7,0,0,29.99829,0.00016607148352153493
5,12,GB,5,7,0,0,31.0024,0.00012227789415599359
5,12,GB,5,7,0,0,31.99665,0.00016629211524603715
5,12,GB,5,7,0,0,33.00146,0.00014718353851380836
5,12,GB,5,7,0,0,33.99636,0.0001450183639087257
5,12,GB,5,7,0,0,35.00234,0.0002018570969514511
5,12,GB,5,7,0,0,35.99362,0.0002113199351991334
5,12,GB,5,7,0,0,37.00188,0.00012011957884056252
5,12,GB,5,7,0,0,37.99537,0.00016147052149331065
5,12,GB,5,7,0,0,39.00058,0.00015085471067553656
5,12,GB,5,7,0,0,39.99454,0.0001331463045150319
5,12,GB,5,7,0,0,41.00016,0.00017200211823870958
5,12,GB,5,7,0,0,41.99364,0.00017799493490302308
5,12,GB,5,7,0,0,42.99908,0.00021076040322897386
5,12,GB,5,7,0,0,43.9943,0.00014826828415089754
5,12,GB,5,7,0,0,44.9986,0.00017273293654044254
5,12,GB,5,7,0,0,45.99447,0.0001825934448918744
5,12,GB,5,7,0,0,46.99823,0.0001490882554288386
5,12,GB,5,7,0,0,48.00225,0.00016419404696012372
5,12,GB,5,7,0,0,48.99792,0.0001950615703018922
5,12,GB,5,7,0,0,49.99257,0.0001661848753555167
5,12,GB,5,7,0,0,50.99813,0.0001661848753555167
5,12,GB,5,7,0,0,52.00381,0.0001436220505985415
5,12,GB,5,7,0,0,52.99578,0.00014299828316852986
5,12,GB,5,7,0,0,54.0017,0.00015520862739303934
5,12,GB,5,7,0,0,54.99515,0.00010827315909107992
5,12,GB,5,7,0,0,56.00211,0.00010479240279426921
5,12,GB,5,7,0,0,56.99607,0.00011241006741288651
5,12,GB,5,7,0,0,58.00155,0.00011625924235919666
5,12,GB,5,7,0,0,58.99435,0.00010196258358247469
5,12,GB,5,7,0,0,60.0008,0.0002276663347645836
5,12,GB,5,7,0,0,60.994,0.00023241846813400175
5,12,GB,5,7,0,0,61.99949,0.0002424418374307808
5,12,GB,5,7,0,0,62.99507,0.0002156487480952554
5,12,GB,5,7,0,0,63.99815,0.0002723816746654722
5,12,GB,5,7,0,0,64.99374,0.00030946679637086204
5,12,GB,5,7,0,0,65.99939,0.00020407863111165573
5,12,GB,5,7,0,0,66.9928,0.00021720867297804751
5,12,GB,5,7,0,0,67.99718,0.000234625873732785
5,12,GB,5,7,0,0,69.00393,0.00021358021526800863
5,12,GB,5,7,0,0,69.99723,0.00022787424053607723
5,12,GB,5,7,0,0,71.00259,0.0002741277184423655
5,12,GB,5,7,0,0,71.99445,0.00033049500787483163
5,12,GB,5,7,0,0,73.00022,0.0004408625567081695
5,12,GB,5,7,0,0,73.99709,0.00034709233116304085
5,12,GB,5,7,0,0,75.00314,0.0005543822418063115
5,12,GB,5,7,0,0,75.99519,0.0005032221557088804
5,12,GB,5,7,0,0,76.99998,0.0005438033619146028
5,12,GB,5,7,0,0,77.99554,0.0004645591832256732
5,12,GB,5,7,0,0,79.00001,0.0005576358843910206
5,12,GB,5,7,0,0,79.99461,0.0005518004278449204
5,12,GB,5,7,0,0,81.00056,0.0006602132537782002
5,12,GB,5,7,0,0,82.00359,0.0005261110876799811
5,12,GB,5,7,0,0,82.99943,0.0006689611915516594
5,12,GB,5,7,0,0,83.99486,0.0006014132721404914
5,12,GB,5,7,0,0,85.00007,0.0008206974838943816
5,12,GB,5,7,0,0,86.00393,0.000817135501583221
5,12,GB,5,7,0,0,86.99812,0.000728289748308417
5,12,GB,5,7,0,0,87.99282,0.0008233059996511787
5,12,GB,5,7,0,0,88.99699,0.000728289748308417
5,12,GB,5,7,0,0,90.00186,0.0008197327051764324
5,12,GB,5,7,0,0,90.99645,0.0008572146023410362
5,12,GB,5,7,0,0,92.00201,0.0007173037886884629
5,12,GB,5,7,0,0,92.99689,0.0008722122757967018
5,12,GB,5,7,0,0,94.00135,0.001109145470229794
5,12,GB,5,7,0,0,94.9968,0.000981173398137259
5,12,GB,5,7,0,0,96.00082,0.0012110491512772566
5,12,GB,5,7,0,0,96.99449,0.0009506840893610389
5,12,GB,5,7,0,0,98.00054,0.0010682267508785666
5,12,GB,5,7,0,0,98.99588,0.0008101285978407856
5,12,GB,5,7,0,0,100.0011,0.0007323223054830477
5,12,GB,5,7,0,0,100.9948,0.0007983752863136667
5,12,GB,5,7,0,0,101.9992,0.000841010983544123
5,12,GB,5,7,0,0,103.0026,0.0007305722051411009
5,12,GB,5,7,0,0,103.9996,0.0008634857697533304
5,12,GB,5,7,0,0,104.9937,0.0007601945512394772
5,12,GB,5,7,0,0,105.999,0.0007601945512394772
5,12,GB,5,7,0,0,106.9934,0.0008002949982352717
5,12,GB,5,7,0,0,107.9972,0.0007202463776042487
5,12,GB,5,7,0,0,109.0041,0.0007202463776042487
5,12,GB,5,7,0,0,109.9973,0.0008002949982352717
5,12,GB,5,7,0,0,111.0035,0.0007202463776042487
5,12,GB,5,7,0,0,111.9956,0.0007669371311497681
5,12,GB,5,7,0,0,113.0022,0.0009022977789056287
5,12,GB,5,7,0,0,113.9961,0.0008098129120805558
5,12,GB,5,7,0,0,115.0029,0.001012055308124489
5,12,GB,5,7,0,0,115.9965,0.0013251539014011164
5,12,GB,5,7,0,0,117.001,0.025705204337451562
5,12,GB,5,7,0,0,117.9928,0.028187071816309448
5,12,GB,5,7,0,0,119.0004,0.02714060492838483
5,12,GB,5,7,0,0,119.9944,0.032557555285185856
5,12,GB,5,7,0,0,120.9998,0.02384660586109938
5,12,GB,5,7,0,0,121.9927,0.0161449458929521
5,12,GB,5,7,0,0,122.9995,0.02197074031377993
5,12,GB,5,7,0,0,123.9934,0.02057630409317505
5,12,GB,5,7,0,0,124.9973,0.02057630409317505
5,12,GB,5,7,0,0,125.9932,0.016773663983260665
5,12,GB,5,7,0,0,126.9995,0.01771608718124674
5,12,GB,5,7,0,0,127.9935,0.017823096259790613
5,12,GB,5,7,0,0,128.9974,0.018068647423384435
5,12,GB,5,7,0,0,129.9926,0.018747036276832402
5,12,GB,5,7,0,0,130.9946,0.01765299066197045
5,12,GB,5,7,0,0,132.0014,0.01651560395743287
5,12,GB,5,7,0,0,132.9977,0.016475761315482017
5,12,GB,5,7,0,0,134.0006,0.016445044250235585
5,12,GB,5,7,0,0,134.9947,0.016780858786241595
5,12,GB,5,7,0,0,135.9991,0.016054163294988953
5,12,GB,5,7,0,0,136.9946,0.015962941286793052
5,12,GB,5,7,0,0,138.0004,0.015962941286793052
5,12,GB,5,7,0,0,138.9938,0.01603909578603041
5,12,GB,5,7,0,0,139.9987,0.01525913757342356
5,12,GB,5,7,0,0,141.0029,0.01525913757342356
5,12,GB,5,7,0,0,141.998,0.025397344215991446
5,12,GB,5,7,0,0,143.0033,0.02134033923957403
5,12,GB,5,7,0,0,143.9993,0.018389234629916318
5,12,GB,5,7,0,0,144.9935,0.014012153953905288
5,12,GB,5,7,0,0,145.9986,0.014448457727609321
5,12,GB,5,7,0,0,146.9928,0.010811813234210078
5,12,GB,5,7,0,0,147.9981,0.014590381579840503
5,12,GB,5,7,0,0,149.0022,0.013252579027954115
5,12,GB,5,7,0,0,149.9987,0.011866727109510653
5,12,GB,5,7,0,0,151.0019,0.025938219866067945
5,12,GB,5,7,0,0,151.9956,0.025516526946736742
5,12,GB,5,7,0,0,153.0024,0.026764767042817154
5,12,GB,5,7,0,0,153.9956,0.01842723841673062
5,12,GB,5,7,0,0,155.0018,0.019859321758603325
5,12,GB,5,7,0,0,155.9956,0.041223174081529354
5,12,GB,5,7,0,0,156.9987,0.03979698772831621
5,12,GB,5,7,0,0,157.9938,0.04311122471521321
5,12,GB,5,7,0,0,158.9985,0.04440470289060909
5,12,GB,5,7,0,0,159.9931,0.06677712993141806
5,12,GB,5,7,0,0,160.9992,0.05777121848754535
5,12,GB,5,7,0,0,162.0035,0.051754489599980524
5,12,GB,5,7,0,0,162.9995,0.05725075467668933
5,12,GB,5,7,0,0,163.9937,0.05369013586317478
5,12,GB,5,7,0,0,164.9992,0.04351002231784668
5,12,GB,5,7,0,0,166.0039,0.046332386057215305
5,12,GB,5,7,0,0,166.9984,0.055194227517604964
5,12,GB,5,7,0,0,167.9929,0.0510379545617555
5,12,GB,5,7,0,0,168.997,0.036904542319134814
5,12,GB,5,7,0,0,170.0035,0.03059726932189694
5,12,GB,5,7,0,0,170.9975,0.03538309196126075
5,12,GB,5,7,0,0,172.001,0.02701588085845214
5,12,GB,5,7,0,0,172.9949,0.04102434356671012
5,12,GB,5,7,0,0,174.0025,0.03592801290980194
5,12,GB,5,7,0,0,174.9966,0.03748990715069399
5,12,GB,5,7,0,0,176.0022,0.04081263174510167
5,12,GB,5,7,0,0,176.9957,0.03860268173611529
5,12,GB,5,7,0,0,178.0007,0.03622214894695286
5,12,GB,5,7,0,0,178.996,0.023827361295576104
5,12,GB,5,7,0,0,180.0002,0.02518485180098217
5,12,GB,5,7,0,0,180.9951,0.03317685541009272
5,12,GB,5,7,0,0,181.9999,0.050841135687700115
5,12,GB,5,7,0,0,182.9938,0.05132926649975061
5,12,GB,5,7,0,0,183.9994,0.0487824970048408
5,12,GB,5,7,0,0,184.9946,0.0849612857666837
5,12,GB,5,7,0,0,185.9985,0.3599467062829247
5,12,GB,5,7,0,0,187.0036,0.33897795046260787
5,12,GB,5,7,0,0,187.9986,0.4136807725959133
5,12,GB,5,7,0,0,188.994,0.6268476148890737
5,12,GB,5,7,0,0,189.9969,0.6403678349236028
5,12,GB,5,7,0,0,191.0028,0.6328009048372858
5,12,GB,5,7,0,0,191.9973,0.5746667656721554
5,12,GB,5,7,0,0,193.0028,0.6126541506504087
5,12,GB,5,7,0,0,193.9961,0.848700639177784
5,12,GB,5,7,0,0,195.0002,0.877198056010442
5,12,GB,5,7,0,0,195.9969,0.880917409480793
5,12,GB,5,7,0,0,197.0008,0.8767744752212183
5,12,GB,5,7,0,0,197.996,0.8659987816524334
5,12,GB,5,7,0,0,199.0008,0.8984155817816715
5,12,GB,5,7,0,0,199.9948,0.8974952220087279
5,12,GB,5,7,0,0,201.001,0.8954964128802
5,12,GB,5,7,0,0,201.9949,0.8993195162938796
5,12,GB,5,7,0,0,202.9978,0.8974775517438792
5,12,GB,5,7,0,0,203.994,0.8954964128802
5,12,GB,5,7,0,0,204.9967,0.8982972485450489
5,12,GB,5,7,0,0,205.9934,0.897877404128091
5,12,GB,5,7,0,0,207.0,0.8644755214696894
5,12,GB,5,7,0,0,208.0029,0.876105512691185
5,12,GB,5,7,0,0,208.9988,0.8737694690767429
5,12,GB,5,7,0,0,210.0011,0.8770726803563091
5,12,GB,5,7,0,0,210.9983,0.8018699496095444
5,12,GB,5,7,0,0,212.0021,0.7800484506828942
5,12,GB,5,7,0,0,212.9966,0.7958972271890467
5,12,GB,5,7,0,0,214.0021,0.7747388909071563
5,12,GB,5,7,0,0,214.9953,0.8127274440820594
5,12,GB,5,7,0,0,216.0009,0.8043734826121813
5,12,GB,5,7,0,0,216.996,0.5698183123457871
5,12,GB,5,7,0,0,218.0005,0.7693974048904083
5,12,GB,5,7,1,1,218.9956,0.7528837203943022
5,12,GB,5,7,1,1,219.9999,0.7448900877902804
5,12,GB,5,7,1,1,220.9944,0.7446417893367696
5,12,GB,5,7,1,1,221.9987,0.7412070456106629
5,12,GB,5,7,1,1,223.0024,0.7559268870584833
5,12,GB,5,7,1,1,223.999,0.7318585246074173
5,12,GB,5,7,1,1,224.994,0.6946288334549824
5,12,GB,5,7,1,1,225.9992,0.7270708552772502
5,12,GB,5,7,1,1,226.9933,0.7253520410303048
5,12,GB,5,7,1,1,227.9978,0.7115485112457467
5,12,GB,5,7,1,1,228.9928,0.7324945155386501
5,12,GB,5,7,1,1,229.9977,0.7710172179140591
5,12,GB,5,7,1,1,231.0025,0.7666785663263966
5,12,GB,5,7,1,1,231.9957,0.8453094692049852
5,12,GB,5,7,1,1,233.0028,0.7710172179140591
5,12,GB,5,7,1,1,233.996,0.7666785663263966
5,12,GB,5,7,1,1,235.002,0.7744051375659352
5,12,GB,5,7,1,1,235.9946,0.7634258451428199
5,12,GB,5,7,1,1,237.0005,0.7619367254241962
5,12,GB,5,7,1,1,237.9957,0.7437141878567062
5,12,GB,5,7,1,1,238.9999,0.7164827313961893
5,12,GB,5,7,1,1,239.9937,0.7171372714334111
5,12,GB,5,7,1,1,240.9994,0.7557805642527754
5,12,GB,5,7,1,1,241.9947,0.7489136816090576
5,12,GB,5,7,1,1,242.9996,0.7235635662910666
5,12,GB,5,7,1,1,243.9935,0.750097965462495
5,12,GB,5,7,1,1,244.9977,0.7418734408764541
5,12,GB,5,7,1,1,246.0013,0.7614293557743643
5,12,GB,5,7,1,1,246.9993,0.7712458418546834
5,12,GB,5,7,1,1,247.9925,0.7761815448361309
5,12,GB,5,7,1,1,248.9948,0.7831958763848004
5,12,GB,5,7,1,1,250.0025,0.7401558570060842
5,12,GB,5,7,1,1,250.998,0.7461489819060068
5,12,GB,5,7,1,1,252.0027,0.7545237701204208
5,12,GB,5,7,1,1,252.9959,0.7583587334027053
5,12,GB,5,7,1,1,254.0011,0.7458580575831539
5,12,GB,5,7,1,1,254.9948,0.7647936667647306
5,12,GB,5,7,1,1,256.0013,0.757424909456861
5,12,GB,5,7,1,1,256.994,0.7583327814313087
5,12,GB,5,7,1,1,258.0011,0.7538903613806855
5,12,GB,5,7,1,1,258.9933,0.7510925345332943
5,12,GB,5,7,1,1,259.9996,0.744680644984894
5,12,GB,5,7,1,1,260.9945,0.7449739514946931
5,12,GB,5,7,1,1,262.0007,0.7510925345332943
5,12,GB,5,7,1,1,262.9942,0.747034139248871
5,12,GB,5,7,1,1,263.9989,0.7454485400952641
5,12,GB,5,7,1,1,265.0031,0.7490873664573324
5,12,GB,5,7,1,1,265.9983,0.7377997650564553
5,12,GB,5,7,1,1,267.0032,0.850913690561343
5,12,GB,5,7,1,1,267.9985,0.9160783616574121
5,12,GB,5,7,1,1,269.0014,0.916938428226135
5,12,GB,5,7,1,1,269.9975,0.9187645997397911
5,12,GB,5,7,1,1,271.003,0.9014383586792634
5,12,GB,5,7,1,1,271.9947,0.9166096777463127
5,12,GB,5,7,1,1,273.0017,0.8760601582626998
5,12,GB,5,7,1,1,273.9952,0.8725591223261653
5,12,GB,5,7,1,1,275.0027,0.8612626114410674
5,12,GB,5,7,1,1,275.9961,0.8527337966332593
5,12,GB,5,7,1,1,276.9996,0.8755867189117428
5,12,GB,5,7,1,1,277.9951,0.8794937672478839
5,12,GB,5,7,1,1,278.9993,0.875462192915088
5,12,GB,5,7,1,1,279.9949,0.8760601582626998
5,12,GB,5,7,1,1,280.9994,0.821880322862597
5,12,GB,5,7,1,1,282.0031,0.8161370996000769
5,12,GB,5,7,1,1,282.9984,0.8208699453109546
5,12,GB,5,7,1,1,283.9934,0.8157680972050543
5,12,GB,5,7,1,1,284.9965,0.8124369490917264
5,12,GB,5,7,1,1,285.9926,0.7952886529431613
5,12,GB,5,7,1,1,286.9979,0.7852767216829
5,12,GB,5,7,1,1,288.0005,0.8395037026314763
5,12,GB,5,7,1,1,288.9972,0.820936890286021
5,12,GB,5,7,1,1,289.9999,0.8535130894492899
5,12,GB,5,7,1,1,290.9973,0.8204767482249851
5,12,GB,5,7,1,1,292.0016,0.8067650283989204
5,12,GB,5,7,1,1,292.9963,0.8296073036811886
5,12,GB,5,7,1,1,294.0009,0.835258213016688
5,12,GB,5,7,1,1,294.9931,0.7596372083360414
5,12,GB,5,7,1,1,296.0004,0.7843496417710358
5,12,GB,5,7,1,1,296.9958,0.720025040506887
5,12,GB,5,7,1,1,297.9999,0.7197616457248868
5,12,GB,5,7,1,1,298.994,0.7111307171398509
5,12,GB,5,7,1,1,299.9984,0.7838039612425984
5,12,GB,5,7,1,1,300.9926,0.7649140110497079
5,12,GB,5,7,1,1,301.9978,0.7875860132281925
5,12,GB,12,18,0,0,0.0,6.752475543197793e-05
5,12,GB,12,18,0,0,1.008357,8.265973407047123e-05
5,12,GB,12,18,0,0,2.00824,8.11058774759894e-05
5,12,GB,12,18,0,0,3.008948,8.869591223011716e-05
5,12,GB,12,18,0,0,3.999748,8.186117353003522e-05
5,12,GB,12,18,0,0,4.999649,8.591920999107356e-05
5,12,GB,12,18,0,0,6.000401,8.310329737526464e-05
5,12,GB,12,18,0,0,6.999671,0.00010086362645440262
5,12,GB,12,18,0,0,8.000978,0.00017414128541417534
5,12,GB,12,18,0,0,9.002599,0.00019693157969940687
5,12,GB,12,18,0,0,10.0028,0.00028714995418649875
5,12,GB,12,18,0,0,11.00139,7.811496914603655e-05
5,12,GB,12,18,0,0,12.00211,8.965936758262588e-05
5,12,GB,12,18,0,0,13.00259,9.396032023575568e-05
5,12,GB,12,18,0,0,14.00278,0.00013986381046719078
5,12,GB,12,18,0,0,15.00179,0.00016534713678360085
5,12,GB,12,18,0,0,16.00156,0.00016800265252226172
5,12,GB,12,18,0,0,17.0027,0.00012720851691137142
5,12,GB,12,18,0,0,18.00079,9.760488686548673e-05
5,12,GB,12,18,0,0,19.00123,0.00026610575885836394
5,12,GB,12,18,0,0,20.00084,0.0003726739781279389
5,12,GB,12,18,0,0,21.00071,0.00028345668738496385
5,12,GB,12,18,0,0,22.00156,0.00024018123121545372
5,12,GB,12,18,0,0,23.00053,0.0002265899246633648
5,12,GB,12,18,0,0,24.00102,0.00019242472442395413
5,12,GB,12,18,0,0,25.00209,0.00016039303625505204
5,12,GB,12,18,0,0,26.0016,0.00020959113906465987
5,12,GB,12,18,0,0,27.00249,0.0002297953119716282
5,12,GB,12,18,0,0,28.0012,0.00034520976564624966
5,12,GB,12,18,0,0,29.00121,0.00026706038713804776
5,12,GB,12,18,0,0,30.00123,0.0002745323408138518
5,12,GB,12,18,0,0,31.00164,0.0003674566406391519
5,12,GB,12,18,0,0,32.00216,0.0004952350832135517
5,12,GB,12,18,0,0,33.00088,0.0005977353824207786
5,12,GB,12,18,0,0,34.00269,0.00036101312809348664
5,12,GB,12,18,0,0,35.00294,0.00038528872415777044
5,12,GB,12,18,0,0,36.00311,0.00041612914101549973
5,12,GB,12,18,0,0,37.00309,0.00043121744924071864
5,12,GB,12,18,0,0,38.00405,0.00036027638968962565
5,12,GB,12,18,0,0,39.00333,0.0002471541934069618
5,12,GB,12,18,0,0,40.00485,0.00021010155815921915
5,12,GB,12,18,0,0,41.00397,0.00027444649707703797
5,12,GB,12,18,0,0,42.00266,0.0005940103067320854
5,12,GB,12,18,0,0,43.00225,0.0031895878633641543
5,12,GB,12,18,0,0,44.00298,0.004018697067323986
5,12,GB,12,18,0,0,45.00437,0.0002886353527109969
5,12,GB,12,18,0,0,46.00364,0.00035418195903469645
5,12,GB,12,18,0,0,47.00359,0.000533981669597715
5,12,GB,12,18,0,0,48.0054,0.0004488116007375214
5,12,GB,12,18,0,0,49.00593,0.0006036960305129493
5,12,GB,12,18,0,0,50.00617,0.0008733560959376533
5,12,GB,12,18,0,0,51.00528,0.0008180924326911917
5,12,GB,12,18,0,0,52.00639,0.0007871123778185674
5,12,GB,12,18,1,1,53.00624,0.0005163578889124457
5,12,GB,12,18,1,1,54.00494,0.0005047634424903482
5,12,GB,12,18,1,1,55.00533,0.001367685262227496
5,12,GB,12,18,1,1,56.00521,0.0011882492057071934
5,12,GB,12,18,1,1,57.00574,0.0010090355753113952
5,12,GB,12,18,1,1,58.0062,0.0005663613181347817
5,12,GB,12,18,1,1,59.00651,0.0007969685319455862
5,12,GB,12,18,1,1,60.0065,0.0003449234830170224
5,12,GB,12,18,1,1,61.00676,0.00040689783084375185
5,12,GB,12,18,1,1,62.00747,0.00044730114713165326
5,12,GB,12,18,1,1,63.00783,0.0003950470970113085
5,12,GB,12,18,1,1,64.00652,0.0004436752463830629
5,12,GB,12,18,1,1,65.00637,0.0005932629570560952
5,12,GB,12,18,1,1,66.00661,0.0005688518259668556
5,12,GB,12,18,1,1,67.00733,0.0007198676009487734
5,12,GB,12,18,1,1,68.0062,0.0010433515497911892
5,12,GB,12,18,1,1,69.00656,0.0003695855120627426
5,12,GB,12,18,1,1,70.00576,0.0004500242370046842
5,12,GB,12,18,1,1,71.007,0.0004109384172702778
5,12,GB,12,18,1,1,72.00552,0.0006434620148730394
5,12,GB,12,18,1,1,73.00641,0.0005892203347834234
5,12,GB,12,18,1,1,74.00616,0.00045423141631281444
5,12,GB,12,18,1,1,75.00674,0.00039665516220890797
5,12,GB,12,18,1,1,76.00529,0.0005250063315257318
5,12,GB,12,18,1,1,77.00492,0.00038637872052786816
5,12,GB,12,18,1,1,78.00499,0.00028981086494553907
5,12,GB,12,18,1,1,79.00438,0.0003813924413001023
5,12,GB,12,18,1,1,80.00517,0.0002713743599514648
5,12,GB,12,18,1,1,81.00525,0.0001970259247436522
5,12,GB,12,18,1,1,82.00571,0.0001648251238513796
5,12,GB,12,18,1,1,83.0059,0.00016019852155048304
5,12,GB,12,18,1,1,84.00636,0.0003431852322407262
5,12,GB,12,18,1,1,85.00627,0.000264554159420467
5,12,GB,12,18,1,1,86.00544,0.0004731556473424778
5,12,GB,12,18,1,1,87.00535,0.00038620985202783586
5,12,GB,12,18,1,1,88.00661,0.0002614921902167413
5,12,GB,12,18,1,1,89.00671,0.005099152054303603
5,12,GB,12,18,1,1,90.0069,0.0052457821190249
5,12,GB,12,18,1,1,91.00655,0.004592601911713982
5,12,GB,12,18,1,1,92.00586,0.0044830197283528914
5,12,GB,12,18,1,1,93.00626,0.004342869302618049
5,12,GB,12,18,1,1,94.00586,0.005098517022919414
5,12,GB,12,18,1,1,95.00709,0.007195941610700402
5,12,GB,12,18,1,1,96.00739,0.012707971713334378
5,12,GB,12,18,1,1,97.00674,0.02091921438936656
5,12,GB,12,18,1,1,98.00808,0.049765530478471494
5,12,GB,12,18,1,1,99.00751,0.06175025814507067
5,12,GB,12,18,1,1,100.0077,0.13611369876501006
5,12,GB,12,18,1,1,101.0096,0.19724981048850915
5,12,GB,12,18,1,1,102.0074,0.12033024889109442
5,12,GB,12,18,1,1,103.0078,0.05816439163440015
5,12,GB,12,18,1,1,104.0074,0.0019361731862636922
5,12,GB,12,18,1,1,105.0075,0.000799368158241537
5,12,GB,12,18,1,1,106.0091,0.007835031531551446
5,12,GB,12,18,1,1,107.0098,0.022770515012160587
5,12,GB,12,18,1,2,108.0099,0.32384779285833
5,12,GB,12,18,1,2,109.0091,0.40618860306668614
5,12,GB,12,18,1,2,110.0078,0.4306396974329507
5,12,GB,12,18,1,2,111.0087,0.6416811575341275
5,12,GB,12,18,1,2,112.0099,0.07992778267642348
5,12,GB,12,18,1,2,113.0093,0.07645937540883399
5,12,GB,12,18,1,2,114.009,0.13409186864461936
5,12,GB,12,18,1,2,115.0081,0.15179440221024115
5,12,GB,12,18,1,2,116.0078,0.19509344526530534
5,12,GB,12,18,1,2,117.0074,0.052715922849462964
5,12,GB,12,18,1,2,118.0071,0.05781239197231966
5,12,GB,12,18,1,2,119.0083,0.02209942807660893
5,12,GB,12,18,1,2,120.009,0.02194276150059441
5,12,GB,12,18,1,2,120.9984,0.2974313351791278
5,12,GB,12,18,1,2,122.0074,0.25806281320394703
5,12,GB,12,18,1,2,123.0077,0.6261249688968313
5,12,GB,12,18,1,2,123.9986,0.7128634363877177
5,12,GB,12,18,1,2,125.0092,0.5830579413458481
5,12,GB,12,18,1,2,125.9986,0.5875833363634149
5,12,GB,12,18,1,2,126.9988,0.578470409260696
5,12,GB,12,18,1,2,127.9989,0.5030226552792418
5,12,GB,12,18,1,2,128.9988,0.6561652603487347
5,12,GB,12,18,1,2,129.9991,0.6457960361041388
5,12,GB,12,18,1,2,130.9994,0.7733949359159275
5,12,GB,12,18,1,2,131.999,0.7233726089506018
5,12,GB,12,18,1,2,132.9998,0.8772459159742028
5,12,GB,12,18,1,2,133.9993,0.9496308749234976
5,12,GB,12,18,1,2,134.9985,0.42735918207617685
5,12,GB,12,18,1,2,135.9998,0.19251865589806025
5,12,GB,12,18,1,2,136.9992,0.06538221489844445
5,12,GB,12,18,1,2,137.9989,0.06747106477672507
5,12,GB,12,18,1,2,138.9988,0.07107747013493232
5,12,GB,12,18,1,2,139.9986,0.0699819822804863
5,12,GB,12,18,1,2,140.9988,0.061577704173607015
5,12,GB,12,18,1,2,141.9991,0.07461114102127822
5,12,GB,12,18,1,2,142.9998,0.011515219508130843
5,12,GB,12,18,1,2,143.9999,0.009000924114154646
5,12,GB,12,18,1,2,145.0001,0.008303156981268059
5,12,GB,12,18,1,2,146.001,0.008061171547918102
5,12,GB,12,18,1,2,147.0007,0.009131586800649296
5,12,GB,12,18,1,2,148.0004,0.038274214176078486
5,12,GB,12,18,1,2,149.001,0.1492659134683031
5,12,GB,12,18,1,2,150.0006,0.11662812507984953
5,12,GB,12,18,1,2,151.0011,0.6736057917777823
5,12,GB,12,18,1,2,152.0004,0.6642963969380864
5,12,GB,12,18,1,2,153.001,0.6622298322622743
5,12,GB,12,18,1,2,154.0011,0.17656185800251714
5,12,GB,12,18,1,2,155.0003,0.14477175675098788
5,12,GB,12,18,1,2,156.001,0.04016070454617794
5,12,GB,12,18,1,2,156.9993,0.022836632248070407
5,12,GB,12,18,1,2,157.9988,0.020758075026796323
5,12,GB,12,18,1,2,159.0003,0.026341759362437624
5,12,GB,12,18,1,2,160.0008,0.3653890929278478
5,12,GB,12,18,1,2,160.9996,0.30428044267441684
5,12,GB,12,18,1,2,162.0001,0.5046378227213265
5,12,GB,12,18,1,2,163.0001,0.4133557691617719
5,12,GB,12,18,1,2,164.0005,0.5400098897970665
5,12,GB,12,18,1,2,165.0004,0.546844701371295
5,12,GB,12,18,1,2,166.0017,0.5942745863495459
5,12,GB,12,18,1,2,167.0011,0.7812169273688135
5,12,GB,12,18,1,2,168.0008,0.7710965671762231
5,12,GB,12,18,1,2,168.9998,0.6643846940430322
5,12,GB,12,18,1,2,170.0002,0.7535158224400201
5,12,GB,12,18,1,2,170.9997,0.30663688126311406
5,12,GB,12,18,1,2,172.0014,0.29021882650411834
5,12,GB,12,18,1,2,173.0018,0.405508517141608
5,12,GB,12,18,1,2,174.0013,0.15065514197129926
5,12,GB,12,18,1,2,175.0014,0.2531676479490804
5,12,GB,12,18,1,2,176.0028,0.17699933191677586
5,12,GB,12,18,1,2,177.0029,0.22656777968597422
5,12,GB,12,18,1,2,178.0038,0.2510270993066968
5,12,GB,12,18,1,2,179.0038,0.2641926667695209
5,12,GB,12,18,1,2,180.0031,0.43803129500196536
5,12,GB,12,18,1,2,181.0029,0.46393724326501173
5,12,GB,12,18,1,2,182.0026,0.46859186480353004
5,12,GB,12,18,1,2,183.0027,0.4529306823701982
5,12,GB,12,18,1,2,184.0022,0.7165500709544333
5,12,GB,12,18,1,2,185.0028,0.6984066281557336
5,12,GB,12,18,1,2,186.0024,0.7386815936333451
5,12,GB,12,18,1,2,187.0021,0.728737447741644
5,12,GB,12,18,1,2,188.0025,0.7389523919010549
5,12,GB,12,18,1,3,189.0021,0.7218463985716392
5,12,GB,12,18,1,3,190.0029,0.7400099399609581
5,12,GB,12,18,1,3,191.0034,0.7411574203370268
5,12,GB,12,18,1,3,192.002,0.7724145767501732
5,12,GB,12,18,1,3,193.0013,0.8140576876545362
5,12,GB,12,18,1,3,194.0016,0.8968995236174657
5,12,GB,12,18,1,3,195.0015,0.9658797610060351
5,12,GB,12,18,1,3,196.0016,0.9689040500442027
5,12,GB,12,18,1,3,197.0011,0.9758653577413817
5,12,GB,12,18,1,3,198.0019,0.9895587254304811
5,12,GB,12,18,1,3,199.0027,0.9865739244183671
5,12,GB,12,18,1,3,200.0016,0.9812162265848864
5,12,GB,12,18,1,3,201.0032,0.9852800923197046
5,12,GB,12,18,1,1,202.0032,0.9873800321092703
5,12,GB,12,18,1,1,203.0031,0.9873800321092703
5,12,GB,12,18,1,1,204.0051,0.9852625946912636
5,12,GB,12,18,1,1,205.0046,0.9854007648662182
5,12,GB,12,18,1,1,206.0048,0.9829198960758603
5,12,GB,12,18,1,1,207.0044,0.99112812597967
5,12,GB,12,18,1,1,208.0034,0.9914461940640272
5,12,GB,12,18,1,1,209.0041,0.9923287915830237
5,12,GB,12,18,1,1,210.0043,0.9910588175089299
5,12,GB,12,18,1,1,211.0044,0.9900264219379592
5,12,GB,12,18,1,1,212.0051,0.9733205589738863
5,12,GB,12,18,1,1,213.0056,0.9764326803117607
5,12,GB,12,18,1,1,214.004,0.9749053107144104
5,12,GB,12,18,1,1,215.0044,0.975606610063683
5,12,GB,12,18,1,1,216.0038,0.9363692084990038
5,12,GB,12,18,1,1,217.0047,0.9267381087028546
5,12,GB,12,18,1,1,218.0059,0.9417289985323323
5,12,GB,12,18,1,1,219.0059,0.7558295055795404
5,12,GB,12,18,1,1,220.0052,0.7591936193366268
5,12,GB,12,18,1,1,221.0061,0.7953936305241573
5,12,GB,12,18,1,1,222.0059,0.8390664978172597
5,12,GB,12,18,1,1,223.0056,0.7885152939662818
5,12,GB,12,18,1,1,224.0057,0.7708639922499048
5,12,GB,12,18,1,1,225.0056,0.7412672431442505
5,12,GB,12,18,1,1,226.0055,0.7823782392019296
5,12,GB,12,18,1,1,227.0059,0.5721080599907487
5,12,GB,12,18,1,1,228.005,0.5155805401465182
5,12,GB,12,18,1,1,229.0065,0.5496587738169032
5,12,GB,12,18,1,1,230.0075,0.5220012040554813
5,12,GB,12,18,1,1,231.0063,0.6030565822225149
5,12,GB,12,18,1,1,232.0068,0.5988553026482597
5,12,GB,12,18,1,1,233.0066,0.5701277163822911
5,12,GB,12,18,1,1,234.0066,0.5594278465061482
5,12,GB,12,18,1,1,235.0065,0.5489246659743107
5,12,GB,12,18,1,1,236.0055,0.5441903204272619
5,12,GB,12,18,1,1,237.0056,0.5857937822530973
5,12,GB,12,18,1,1,238.0052,0.5903145067507101
5,12,GB,12,18,1,1,239.0056,0.5017919438650608
5,12,GB,12,18,1,1,240.0051,0.5083664309403694
5,12,GB,12,18,1,1,241.0055,0.5461991340257959
5,12,GB,12,18,1,1,242.0062,0.5190579828928236
5,12,GB,12,18,1,2,243.0076,0.5753098113168121
5,12,GB,12,18,1,2,244.0073,0.5465889459008287
5,12,GB,12,18,1,2,245.0063,0.6780251868276133
5,12,GB,12,18,1,2,246.0071,0.5911007816733834
5,12,GB,12,18,1,2,247.0066,0.543811337167837
5,12,GB,12,18,1,2,248.0063,0.5556286383046349
5,12,GB,12,18,1,2,249.0063,0.5763934218471665
5,12,GB,12,18,1,2,250.0067,0.5485071877364875
5,12,GB,12,18,1,2,251.0069,0.5509538676716019
5,12,GB,12,18,1,2,252.0063,0.541515606056129
5,12,GB,12,18,1,2,253.0062,0.6593799615989905
5,12,GB,12,18,1,2,254.007,0.6842920566306216
5,12,GB,12,18,1,3,255.0065,0.58154549817781
5,12,GB,12,18,1,3,256.0077,0.5424498892390772
5,12,GB,12,18,1,3,257.0081,0.5769006704930519
5,12,GB,12,18,1,3,258.0063,0.5130501881677839
5,12,GB,12,18,1,3,259.008,0.6104316450119862
5,12,GB,12,18,1,3,260.007,0.7550496177511724
5,12,GB,12,18,1,3,261.0075,0.9760673372815497
5,12,GB,12,18,1,3,262.0077,0.9739558323715055
5,12,GB,12,18,1,3,263.0085,0.9771900871509717
5,12,GB,12,18,1,3,264.0075,0.9758299719090837
5,12,GB,12,18,1,3,265.0075,0.9719404629076686
5,12,GB,12,18,1,3,266.0073,0.9744607554957245
5,12,GB,12,18,1,3,267.0079,0.9734095993847286
5,12,GB,12,18,1,3,268.0078,0.9689996964803533
5,12,GB,12,18,1,3,269.0071,0.9683939001270586
5,12,GB,12,18,1,3,270.0084,0.97855402490825
5,12,GB,12,18,1,3,271.0077,0.9827587103152485
5,12,GB,12,18,1,3,272.0077,0.9765611371729955
5,12,GB,12,18,1,3,273.0062,0.9755722363531272
5,12,GB,12,18,1,3,274.0075,0.9824379982493177
5,12,GB,12,18,1,3,275.0082,0.9863091635817371
5,12,GB,12,18,1,3,276.0084,0.9822770389203955
5,12,GB,12,18,1,3,277.008,0.9761194770059433
5,12,GB,12,18,1,3,278.0078,0.9761902561102663
5,12,GB,12,18,1,3,279.0087,0.9757249192375282
5,12,GB,12,18,1,3,279.9987,0.9702821268408502
5,12,GB,12,18,1,3,280.9984,0.9757302363942634
5,12,GB,12,18,1,3,282.0078,0.9745685676942837
5,12,GB,12,18,1,3,283.0088,0.9810626336231921
5,12,GB,12,18,1,3,284.0084,0.9882441333371146
5,12,GB,12,18,1,3,285.0089,0.9847949577083187
5,12,GB,12,18,1,3,286.0092,0.9920516805943358
5,12,GB,12,18,1,3,287.0081,0.9911859663803213
5,12,GB,12,18,1,3,288.0087,0.9898357197767808
5,12,GB,12,18,1,3,289.0087,0.9874577865390464
5,12,GB,12,18,1,3,290.0087,0.988786322831988
5,12,GB,12,18,1,3,290.9989,0.9848235812810957
5,12,GB,12,18,1,3,291.9995,0.9854113001004383
5,12,GB,12,18,1,3,293.0102,0.9861480676207299
5,12,GB,12,18,1,3,293.9985,0.9875919277953901
5,12,GB,12,18,1,3,295.0103,0.986586609659257
5,12,GB,12,18,1,3,296.0102,0.9856463132475969
5,12,GB,12,18,1,3,297.0093,0.9858705306287567
5,12,GB,12,18,1,3,297.9989,0.9866017186767017
5,12,GB,12,18,1,3,298.9991,0.9874694590625707
5,12,GB,12,18,1,3,299.9987,0.9864248419789053
5,12,GB,12,18,1,3,300.9995,0.9812845625447776
5,12,GB,12,18,1,3,302.0092,0.9745423190955814
5,12,LR,5,7,0,0,0.0,0.0008505313746366761
5,12,LR,5,7,0,0,0.9979449,0.001604076713125657
5,12,LR,5,7,0,0,1.994617,0.004193592456485833
5,12,LR,5,7,0,0,3.0001,0.007109024465651233
5,12,LR,5,7,0,0,3.992538,0.010915976260491114
5,12,LR,5,7,0,0,4.998353,0.019842738156003625
5,12,LR,5,7,0,0,5.994089,0.027237297156339588
5,12,LR,5,7,0,0,6.999735,0.024161885309429296
5,12,LR,5,7,0,0,7.992708,0.018145888406543405
5,12,LR,5,7,0,0,8.99801,0.014093103043582585
5,12,LR,5,7,0,0,9.992953,0.015442385319594035
5,12,LR,5,7,0,0,10.99727,0.014931953295899041
5,12,LR,5,7,0,0,12.00375,0.010237806719207652
5,12,LR,5,7,0,0,12.99432,0.012056370913679025
5,12,LR,5,7,0,0,14.00173,0.012593705883717778
5,12,LR,5,7,0,0,14.99507,0.0137947002215827
5,12,LR,5,7,0,0,16.00235,0.009844354571829611
5,12,LR,5,7,0,0,16.9948,0.012772808554087894
5,12,LR,5,7,0,0,17.99868,0.015660422760078056
5,12,LR,5,7,0,0,18.99538,0.01696590921279881
5,12,LR,5,7,0,0,19.99832,0.02470707328449556
5,12,LR,5,7,0,0,20.9952,0.024500904255596704
5,12,LR,5,7,0,0,22.00016,0.027275582600928373
5,12,LR,5,7,0,0,22.9937,0.034247662230225386
5,12,LR,5,7,0,0,23.99834,0.03493745503688054
5,12,LR,5,7,0,0,24.99279,0.040133001984029186
5,12,LR,5,7,0,0,25.99831,0.030028468345060882
5,12,LR,5,7,0,0,27.00385,0.03340725137228887
5,12,LR,5,7,0,0,27.99797,0.04838187527321996
5,12,LR,5,7,0,0,29.00375,0.05461463264537691
5,12,LR,5,7,0,0,29.99829,0.050732707191366175
5,12,LR,5,7,0,0,31.0024,0.05010708432654798
5,12,LR,5,7,0,0,31.99665,0.06553389772839822
5,12,LR,5,7,0,0,33.00146,0.05792335772622562
5,12,LR,5,7,0,0,33.99636,0.07105150264854128
5,12,LR,5,7,0,0,35.00234,0.07362900763453258
5,12,LR,5,7,0,0,35.99362,0.0816537705256871
5,12,LR,5,7,0,0,37.00188,0.04718773008527296
5,12,LR,5,7,0,0,37.99537,0.10102587679590568
5,12,LR,5,7,0,0,39.00058,0.09650885238893038
5,12,LR,5,7,0,0,39.99454,0.07918959680811806
5,12,LR,5,7,0,0,41.00016,0.15354261782613932
5,12,LR,5,7,0,0,41.99364,0.1438920985856134
5,12,LR,5,7,0,0,42.99908,0.14687342891943633
5,12,LR,5,7,0,0,43.9943,0.1522137472329778
5,12,LR,5,7,0,0,44.9986,0.10992222785158291
5,12,LR,5,7,0,0,45.99447,0.09128490542824143
5,12,LR,5,7,0,0,46.99823,0.1612671419525701
5,12,LR,5,7,0,0,48.00225,0.16155576959751441
5,12,LR,5,7,0,0,48.99792,0.19803747336804386
5,12,LR,5,7,0,0,49.99257,0.1911596206835138
5,12,LR,5,7,0,0,50.99813,0.20974978712820272
5,12,LR,5,7,0,0,52.00381,0.22947251167683527
5,12,LR,5,7,0,0,52.99578,0.2327791910965368
5,12,LR,5,7,0,0,54.0017,0.2608541936934223
5,12,LR,5,7,0,0,54.99515,0.2680081499494087
5,12,LR,5,7,0,0,56.00211,0.20387127774236977
5,12,LR,5,7,0,0,56.99607,0.28348180200751194
5,12,LR,5,7,0,0,58.00155,0.2952923346565931
5,12,LR,5,7,0,0,58.99435,0.2978246552754332
5,12,LR,5,7,0,0,60.0008,0.30422716982859466
5,12,LR,5,7,0,0,60.994,0.18623494165248178
5,12,LR,5,7,0,0,61.99949,0.32686151891493487
5,12,LR,5,7,0,0,62.99507,0.32463811351452276
5,12,LR,5,7,0,0,63.99815,0.24756905714617333
5,12,LR,5,7,0,0,64.99374,0.33307928728784114
5,12,LR,5,7,0,0,65.99939,0.34391877494805106
5,12,LR,5,7,0,0,66.9928,0.33924347009359496
5,12,LR,5,7,0,0,67.99718,0.3340640380578105
5,12,LR,5,7,0,0,69.00393,0.34232617620246514
5,12,LR,5,7,0,0,69.99723,0.3648745660810231
5,12,LR,5,7,0,0,71.00259,0.3767402596883375
5,12,LR,5,7,0,0,71.99445,0.3962555018510315
5,12,LR,5,7,0,0,73.00022,0.42953280860715815
5,12,LR,5,7,0,0,73.99709,0.27143022709633435
5,12,LR,5,7,0,0,75.00314,0.4489519782082302
5,12,LR,5,7,0,0,75.99519,0.4528616471567513
5,12,LR,5,7,0,0,76.99998,0.4866796049432447
5,12,LR,5,7,0,0,77.99554,0.49586339961084847
5,12,LR,5,7,0,0,79.00001,0.5130361379761719
5,12,LR,5,7,0,0,79.99461,0.517757606028121
5,12,LR,5,7,0,0,81.00056,0.5264862607857577
5,12,LR,5,7,0,0,82.00359,0.5044323175009829
5,12,LR,5,7,0,0,82.99943,0.5137310002567016
5,12,LR,5,7,0,0,83.99486,0.5147805817445972
5,12,LR,5,7,0,0,85.00007,0.518840258725191
5,12,LR,5,7,0,0,86.00393,0.4903614709356491
5,12,LR,5,7,0,0,86.99812,0.49550181866347875
5,12,LR,5,7,0,0,87.99282,0.4744089261038279
5,12,LR,5,7,0,0,88.99699,0.4912582313674701
5,12,LR,5,7,0,0,90.00186,0.46175274558566287
5,12,LR,5,7,0,0,90.99645,0.4993536513322514
5,12,LR,5,7,0,0,92.00201,0.5211346141925165
5,12,LR,5,7,0,0,92.99689,0.5185514166140602
5,12,LR,5,7,0,0,94.00135,0.5008230029731894
5,12,LR,5,7,0,0,94.9968,0.5222971404000372
5,12,LR,5,7,0,0,96.00082,0.5114836584795694
5,12,LR,5,7,0,0,96.99449,0.5415035521295141
5,12,LR,5,7,0,0,98.00054,0.5056839226489394
5,12,LR,5,7,0,0,98.99588,0.5085565671805976
5,12,LR,5,7,0,0,100.0011,0.3591567265406275
5,12,LR,5,7,0,0,100.9948,0.531697286086772
5,12,LR,5,7,0,0,101.9992,0.5642734457776972
5,12,LR,5,7,0,0,103.0026,0.4487874612928319
5,12,LR,5,7,0,0,103.9996,0.5175369077501105
5,12,LR,5,7,0,0,104.9937,0.5121836981023791
5,12,LR,5,7,0,0,105.999,0.5230729262656055
5,12,LR,5,7,0,0,106.9934,0.5248419259630189
5,12,LR,5,7,0,0,107.9972,0.5766152253440483
5,12,LR,5,7,0,0,109.0041,0.5761050932364735
5,12,LR,5,7,0,0,109.9973,0.5967066292913704
5,12,LR,5,7,0,0,111.0035,0.6158050431926025
5,12,LR,5,7,0,0,111.9956,0.540733666770362
5,12,LR,5,7,0,0,113.0022,0.6617883626515448
5,12,LR,5,7,0,0,113.9961,0.669647352616736
5,12,LR,5,7,0,0,115.0029,0.6894916340498252
5,12,LR,5,7,0,0,115.9965,0.7101429320085473
5,12,LR,5,7,0,0,117.001,0.5594476904567077
5,12,LR,5,7,0,0,117.9928,0.7645922411553361
5,12,LR,5,7,0,0,119.0004,0.6784207222228448
5,12,LR,5,7,0,0,119.9944,0.7865444284975466
5,12,LR,5,7,0,0,120.9998,0.8024613790386088
5,12,LR,5,7,0,0,121.9927,0.7592081395581107
5,12,LR,5,7,0,0,122.9995,0.6844583898555372
5,12,LR,5,7,0,0,123.9934,0.7330319587441664
5,12,LR,5,7,0,0,124.9973,0.7397580149610473
5,12,LR,5,7,0,0,125.9932,0.7449336858681697
5,12,LR,5,7,0,0,126.9995,0.7563078458102326
5,12,LR,5,7,0,0,127.9935,0.780834673604388
5,12,LR,5,7,0,0,128.9974,0.7979078081895219
5,12,LR,5,7,0,0,129.9926,0.8277529237232044
5,12,LR,5,7,0,0,130.9946,0.841483800919594
5,12,LR,5,7,0,0,132.0014,0.8567658858185562
5,12,LR,5,7,0,0,132.9977,0.8747160267421261
5,12,LR,5,7,0,0,134.0006,0.8131434235113821
5,12,LR,5,7,0,0,134.9947,0.8921883631187671
5,12,LR,5,7,0,0,135.9991,0.8968271754138397
5,12,LR,5,7,0,0,136.9946,0.8938299962115724
5,12,LR,5,7,0,0,138.0004,0.8553424703554746
5,12,LR,5,7,0,0,138.9938,0.8978768703044522
5,12,LR,5,7,0,0,139.9987,0.9061113776270836
5,12,LR,5,7,0,0,141.0029,0.9030389768549064
5,12,LR,5,7,0,0,141.998,0.8663870056974218
5,12,LR,5,7,0,0,143.0033,0.9127738846169962
5,12,LR,5,7,0,0,143.9993,0.918211635080308
5,12,LR,5,7,0,0,144.9935,0.8696779474926544
5,12,LR,5,7,0,0,145.9986,0.9219297572410352
5,12,LR,5,7,0,0,146.9928,0.9133325204689516
5,12,LR,5,7,0,0,147.9981,0.8764452926836791
5,12,LR,5,7,0,0,149.0022,0.9301822780374441
5,12,LR,5,7,0,0,149.9987,0.9337500746119394
5,12,LR,5,7,0,0,151.0019,0.9383786963520244
5,12,LR,5,7,0,0,151.9956,0.916408895314178
5,12,LR,5,7,0,0,153.0024,0.8790064673645913
5,12,LR,5,7,0,0,153.9956,0.9386993676914475
5,12,LR,5,7,0,0,155.0018,0.9352662417184621
5,12,LR,5,7,0,0,155.9956,0.9407279843290588
5,12,LR,5,7,0,0,156.9987,0.951687875375295
5,12,LR,5,7,0,0,157.9938,0.9487777615309099
5,12,LR,5,7,0,0,158.9985,0.9565833726522457
5,12,LR,5,7,0,0,159.9931,0.9517094954049451
5,12,LR,5,7,0,0,160.9992,0.96327242714692
5,12,LR,5,7,0,0,162.0035,0.9555918737554051
5,12,LR,5,7,0,0,162.9995,0.9661015389262286
5,12,LR,5,7,0,0,163.9937,0.9640191459061519
5,12,LR,5,7,0,0,164.9992,0.9663309599471085
5,12,LR,5,7,0,0,166.0039,0.9669283814361442
5,12,LR,5,7,0,0,166.9984,0.9760466830303409
5,12,LR,5,7,0,0,167.9929,0.9783579398245708
5,12,LR,5,7,0,0,168.997,0.9833768579872415
5,12,LR,5,7,0,0,170.0035,0.9832241664599081
5,12,LR,5,7,0,0,170.9975,0.9677344756288909
5,12,LR,5,7,0,0,172.001,0.9858353391807818
5,12,LR,5,7,0,0,172.9949,0.9872218155985149
5,12,LR,5,7,0,0,174.0025,0.9887492250037794
5,12,LR,5,7,0,0,174.9966,0.9905164395998972
5,12,LR,5,7,0,0,176.0022,0.9853236299507487
5,12,LR,5,7,0,0,176.9957,0.9931430320517962
5,12,LR,5,7,0,0,178.0007,0.9944497850655676
5,12,LR,5,7,0,0,178.996,0.993526636201528
5,12,LR,5,7,0,0,180.0002,0.9953440762617293
5,12,LR,5,7,0,0,180.9951,0.9953133999828448
5,12,LR,5,7,0,0,181.9999,0.9962900520455968
5,12,LR,5,7,0,0,182.9938,0.9968421499573842
5,12,LR,5,7,0,0,183.9994,0.9924290550854823
5,12,LR,5,7,0,0,184.9946,0.9817609635344619
5,12,LR,5,7,0,0,185.9985,0.9892967592630674
5,12,LR,5,7,0,0,187.0036,0.9897995897389533
5,12,LR,5,7,0,0,187.9986,0.9876200332067373
5,12,LR,5,7,0,0,188.994,0.9844400498286977
5,12,LR,5,7,0,0,189.9969,0.993979403156864
5,12,LR,5,7,0,0,191.0028,0.9938778151885221
5,12,LR,5,7,0,0,191.9973,0.9943038362470231
5,12,LR,5,7,0,0,193.0028,0.9894456194040211
5,12,LR,5,7,0,0,193.9961,0.9954775519494815
5,12,LR,5,7,0,0,195.0002,0.9956543755829353
5,12,LR,5,7,0,0,195.9969,0.9955413010612053
5,12,LR,5,7,0,0,197.0008,0.9961275249081302
5,12,LR,5,7,0,0,197.996,0.995738267803914
5,12,LR,5,7,0,0,199.0008,0.9956797702944453
5,12,LR,5,7,0,0,199.9948,0.9922421400833488
5,12,LR,5,7,0,0,201.001,0.9966860363148793
5,12,LR,5,7,0,0,201.9949,0.9965114047160027
5,12,LR,5,7,0,0,202.9978,0.9963857961318348
5,12,LR,5,7,0,0,203.994,0.997066892814948
5,12,LR,5,7,0,0,204.9967,0.996836069117834
5,12,LR,5,7,0,0,205.9934,0.997021593934665
5,12,LR,5,7,0,0,207.0,0.9969907573884065
5,12,LR,5,7,0,0,208.0029,0.9971186888061091
5,12,LR,5,7,0,0,208.9988,0.9980817149078488
5,12,LR,5,7,0,0,210.0011,0.9968373595569806
5,12,LR,5,7,0,0,210.9983,0.9980966561087343
5,12,LR,5,7,0,0,212.0021,0.998274701485096
5,12,LR,5,7,0,0,212.9966,0.9987620999911913
5,12,LR,5,7,0,0,214.0021,0.9963529302599284
5,12,LR,5,7,0,0,214.9953,0.9966497655724138
5,12,LR,5,7,0,0,216.0009,0.9967957978649126
5,12,LR,5,7,0,0,216.996,0.9971823361391102
5,12,LR,5,7,0,0,218.0005,0.9968419382836052
5,12,LR,5,7,1,1,218.9956,0.9974233219133548
5,12,LR,5,7,1,1,219.9999,0.9975197537141899
5,12,LR,5,7,1,1,220.9944,0.9964472410554271
5,12,LR,5,7,1,1,221.9987,0.9978982955322976
5,12,LR,5,7,1,1,223.0024,0.9980566451545612
5,12,LR,5,7,1,1,223.999,0.9977259117885845
5,12,LR,5,7,1,1,224.994,0.9975662899776742
5,12,LR,5,7,1,1,225.9992,0.9953570783624474
5,12,LR,5,7,1,1,226.9933,0.9977274067464826
5,12,LR,5,7,1,1,227.9978,0.9975767511123556
5,12,LR,5,7,1,1,228.9928,0.9961652093411419
5,12,LR,5,7,1,1,229.9977,0.9975815897455405
5,12,LR,5,7,1,1,231.0025,0.9976817447836697
5,12,LR,5,7,1,1,231.9957,0.997407286489284
5,12,LR,5,7,1,1,233.0028,0.9974485243493078
5,12,LR,5,7,1,1,233.996,0.9978116118233059
5,12,LR,5,7,1,1,235.002,0.9976510055148942
5,12,LR,5,7,1,1,235.9946,0.997580310378959
5,12,LR,5,7,1,1,237.0005,0.997424649386816
5,12,LR,5,7,1,1,237.9957,0.9956707694536817
5,12,LR,5,7,1,1,238.9999,0.9978062221629297
5,12,LR,5,7,1,1,239.9937,0.9976900682808102
5,12,LR,5,7,1,1,240.9994,0.9974638600381398
5,12,LR,5,7,1,1,241.9947,0.9978628981671736
5,12,LR,5,7,1,1,242.9996,0.99573670062752
5,12,LR,5,7,1,1,243.9935,0.9984037268947251
5,12,LR,5,7,1,1,244.9977,0.9974711881645739
5,12,LR,5,7,1,1,246.0013,0.9986436164494931
5,12,LR,5,7,1,1,246.9993,0.9975798573598588
5,12,LR,5,7,1,1,247.9925,0.9981756848675503
5,12,LR,5,7,1,1,248.9948,0.9986418601591112
5,12,LR,5,7,1,1,250.0025,0.998488960341106
5,12,LR,5,7,1,1,250.998,0.9984347114806291
5,12,LR,5,7,1,1,252.0027,0.9987707497618387
5,12,LR,5,7,1,1,252.9959,0.9982600813691095
5,12,LR,5,7,1,1,254.0011,0.9991467514450043
5,12,LR,5,7,1,1,254.9948,0.9992752440164454
5,12,LR,5,7,1,1,256.0013,0.9993280429603636
5,12,LR,5,7,1,1,256.994,0.9993710122472382
5,12,LR,5,7,1,1,258.0011,0.9994874877910338
5,12,LR,5,7,1,1,258.9933,0.9995499120995592
5,12,LR,5,7,1,1,259.9996,0.999280206261521
5,12,LR,5,7,1,1,260.9945,0.999640146760127
5,12,LR,5,7,1,1,262.0007,0.9996844254392188
5,12,LR,5,7,1,1,262.9942,0.9996643961440848
5,12,LR,5,7,1,1,263.9989,0.9997145043061414
5,12,LR,5,7,1,1,265.0031,0.9997180072959367
5,12,LR,5,7,1,1,265.9983,0.9997547371321767
5,12,LR,5,7,1,1,267.0032,0.9994552638131693
5,12,LR,5,7,1,1,267.9985,0.9993351184189536
5,12,LR,5,7,1,1,269.0014,0.9995094024446954
5,12,LR,5,7,1,1,269.9975,0.9995153037289282
5,12,LR,5,7,1,1,271.003,0.9994982675528893
5,12,LR,5,7,1,1,271.9947,0.9994624530031274
5,12,LR,5,7,1,1,273.0017,0.9992006479247705
5,12,LR,5,7,1,1,273.9952,0.9994699690828622
5,12,LR,5,7,1,1,275.0027,0.9994398002502872
5,12,LR,5,7,1,1,275.9961,0.999360286960739
5,12,LR,5,7,1,1,276.9996,0.9988834197801327
5,12,LR,5,7,1,1,277.9951,0.9992229609350176
5,12,LR,5,7,1,1,278.9993,0.999235481938844
5,12,LR,5,7,1,1,279.9949,0.9990694223010717
5,12,LR,5,7,1,1,280.9994,0.9982489081745627
5,12,LR,5,7,1,1,282.0031,0.9987950463903733
5,12,LR,5,7,1,1,282.9984,0.9985905706153999
5,12,LR,5,7,1,1,283.9934,0.997162525897262
5,12,LR,5,7,1,1,284.9965,0.9978708615968356
5,12,LR,5,7,1,1,285.9926,0.9975311416235011
5,12,LR,5,7,1,1,286.9979,0.9955320869850011
5,12,LR,5,7,1,1,288.0005,0.9970647715797651
5,12,LR,5,7,1,1,288.9972,0.9965359486160767
5,12,LR,5,7,1,1,289.9999,0.9962386033182918
5,12,LR,5,7,1,1,290.9973,0.99548990006992
5,12,LR,5,7,1,1,292.0016,0.9947750498210969
5,12,LR,5,7,1,1,292.9963,0.9956122171159046
5,12,LR,5,7,1,1,294.0009,0.9959231702953601
5,12,LR,5,7,1,1,294.9931,0.9931279372795344
5,12,LR,5,7,1,1,296.0004,0.9894935996106125
5,12,LR,5,7,1,1,296.9958,0.9825648154058738
5,12,LR,5,7,1,1,297.9999,0.9809984140854611
5,12,LR,5,7,1,1,298.994,0.9811838749545493
5,12,LR,5,7,1,1,299.9984,0.9806337527161809
5,12,LR,5,7,1,1,300.9926,0.9800372337623149
5,12,LR,5,7,1,1,301.9978,0.9771816297577759
5,12,LR,12,18,0,0,0.0,0.01290423901230123
5,12,LR,12,18,0,0,1.008357,0.014637487697208941
5,12,LR,12,18,0,0,2.00824,0.016063043765615893
5,12,LR,12,18,0,0,3.008948,0.02541637886449063
5,12,LR,12,18,0,0,3.999748,0.015432956193001949
5,12,LR,12,18,0,0,4.999649,0.01542645914019369
5,12,LR,12,18,0,0,6.000401,0.008282279728547434
5,12,LR,12,18,0,0,6.999671,0.00047031186833444434
5,12,LR,12,18,0,0,8.000978,5.275975378187224e-05
5,12,LR,12,18,0,0,9.002599,7.014598146660117e-06
5,12,LR,12,18,0,0,10.0028,2.975936528443799e-06
5,12,LR,12,18,0,0,11.00139,7.139903184354191e-06
5,12,LR,12,18,0,0,12.00211,1.3523819383051888e-05
5,12,LR,12,18,0,0,13.00259,1.3870121911669246e-05
5,12,LR,12,18,0,0,14.00278,1.833221311668889e-05
5,12,LR,12,18,0,0,15.00179,2.770911259282258e-05
5,12,LR,12,18,0,0,16.00156,7.717476529805372e-05
5,12,LR,12,18,0,0,17.0027,0.0002601842523267464
5,12,LR,12,18,0,0,18.00079,0.0007185900420257985
5,12,LR,12,18,0,0,19.00123,0.009786472397751218
5,12,LR,12,18,0,0,20.00084,0.04186256245247011
5,12,LR,12,18,0,0,21.00071,0.059234239645341205
5,12,LR,12,18,0,0,22.00156,0.08414311431826811
5,12,LR,12,18,0,0,23.00053,0.0869038607980878
5,12,LR,12,18,0,0,24.00102,0.09670057644746109
5,12,LR,12,18,0,0,25.00209,0.1343075122783779
5,12,LR,12,18,0,0,26.0016,0.12189880953263493
5,12,LR,12,18,0,0,27.00249,0.13014719880041042
5,12,LR,12,18,0,0,28.0012,0.09889270147267759
5,12,LR,12,18,0,0,29.00121,0.08430315721740582
5,12,LR,12,18,0,0,30.00123,0.06666382679184067
5,12,LR,12,18,0,0,31.00164,0.08564109774145823
5,12,LR,12,18,0,0,32.00216,0.15870186902217448
5,12,LR,12,18,0,0,33.00088,0.12694945446999542
5,12,LR,12,18,0,0,34.00269,0.09679001232128241
5,12,LR,12,18,0,0,35.00294,0.07293139503596617
5,12,LR,12,18,0,0,36.00311,0.056937050165437035
5,12,LR,12,18,0,0,37.00309,0.04196754582751233
5,12,LR,12,18,0,0,38.00405,0.028442965076703637
5,12,LR,12,18,0,0,39.00333,0.029763525014796954
5,12,LR,12,18,0,0,40.00485,0.06260599296675633
5,12,LR,12,18,0,0,41.00397,0.06076137408760609
5,12,LR,12,18,0,0,42.00266,0.07615021736347162
5,12,LR,12,18,0,0,43.00225,0.07076266757290461
5,12,LR,12,18,0,0,44.00298,0.08098830065370433
5,12,LR,12,18,0,0,45.00437,0.07162403648489744
5,12,LR,12,18,0,0,46.00364,0.09822607543166686
5,12,LR,12,18,0,0,47.00359,0.11782655498994339
5,12,LR,12,18,0,0,48.0054,0.139105550905641
5,12,LR,12,18,0,0,49.00593,0.16853615118208676
5,12,LR,12,18,0,0,50.00617,0.17294071777534922
5,12,LR,12,18,0,0,51.00528,0.17260529342031902
5,12,LR,12,18,0,0,52.00639,0.1474305133596143
5,12,LR,12,18,1,1,53.00624,0.09566473461248498
5,12,LR,12,18,1,1,54.00494,0.0827962031650584
5,12,LR,12,18,1,1,55.00533,0.15746525546057089
5,12,LR,12,18,1,1,56.00521,0.1803632241677092
5,12,LR,12,18,1,1,57.00574,0.1900738915859131
5,12,LR,12,18,1,1,58.0062,0.17448354900494228
5,12,LR,12,18,1,1,59.00651,0.18003310117391014
5,12,LR,12,18,1,1,60.0065,0.18168767711488693
5,12,LR,12,18,1,1,61.00676,0.23071299096158102
5,12,LR,12,18,1,1,62.00747,0.28150351364457943
5,12,LR,12,18,1,1,63.00783,0.30704987466077316
5,12,LR,12,18,1,1,64.00652,0.28325669934607867
5,12,LR,12,18,1,1,65.00637,0.28560397477031557
5,12,LR,12,18,1,1,66.00661,0.2778156922984727
5,12,LR,12,18,1,1,67.00733,0.2745397393760316
5,12,LR,12,18,1,1,68.0062,0.39241710896184695
5,12,LR,12,18,1,1,69.00656,0.219667582604946
5,12,LR,12,18,1,1,70.00576,0.22594818124396768
5,12,LR,12,18,1,1,71.007,0.23018597159321702
5,12,LR,12,18,1,1,72.00552,0.24421073663173468
5,12,LR,12,18,1,1,73.00641,0.26549289737946996
5,12,LR,12,18,1,1,74.00616,0.2873990139066512
5,12,LR,12,18,1,1,75.00674,0.28282019977002587
5,12,LR,12,18,1,1,76.00529,0.31803424107485034
5,12,LR,12,18,1,1,77.00492,0.3261643918175678
5,12,LR,12,18,1,1,78.00499,0.3230473402020552
5,12,LR,12,18,1,1,79.00438,0.34976161349920487
5,12,LR,12,18,1,1,80.00517,0.3450712996859706
5,12,LR,12,18,1,1,81.00525,0.3567700976350186
5,12,LR,12,18,1,1,82.00571,0.36037628755170326
5,12,LR,12,18,1,1,83.0059,0.34219845823637113
5,12,LR,12,18,1,1,84.00636,0.3229958359279812
5,12,LR,12,18,1,1,85.00627,0.33925296204449673
5,12,LR,12,18,1,1,86.00544,0.3099227375827942
5,12,LR,12,18,1,1,87.00535,0.24351513607619488
5,12,LR,12,18,1,1,88.00661,0.21125438809766356
5,12,LR,12,18,1,1,89.00671,0.2320413110856532
5,12,LR,12,18,1,1,90.0069,0.29435340554614087
5,12,LR,12,18,1,1,91.00655,0.42288412444935836
5,12,LR,12,18,1,1,92.00586,0.47220549431022063
5,12,LR,12,18,1,1,93.00626,0.5833221121836907
5,12,LR,12,18,1,1,94.00586,0.5957248830720182
5,12,LR,12,18,1,1,95.00709,0.6270285579114355
5,12,LR,12,18,1,1,96.00739,0.6329973434485825
5,12,LR,12,18,1,1,97.00674,0.633427837537839
5,12,LR,12,18,1,1,98.00808,0.591062377738845
5,12,LR,12,18,1,1,99.00751,0.5657213505223126
5,12,LR,12,18,1,1,100.0077,0.5803934436256072
5,12,LR,12,18,1,1,101.0096,0.5987943045674962
5,12,LR,12,18,1,1,102.0074,0.5932254178185343
5,12,LR,12,18,1,1,103.0078,0.5445373307931703
5,12,LR,12,18,1,1,104.0074,0.5250822970164022
5,12,LR,12,18,1,1,105.0075,0.4796547229222283
5,12,LR,12,18,1,1,106.0091,0.39108202897948047
5,12,LR,12,18,1,1,107.0098,0.1788453350793775
5,12,LR,12,18,1,2,108.0099,0.15415085217298413
5,12,LR,12,18,1,2,109.0091,0.2158125041182804
5,12,LR,12,18,1,2,110.0078,0.3424742176836877
5,12,LR,12,18,1,2,111.0087,0.4629464042865019
5,12,LR,12,18,1,2,112.0099,0.5562945834307341
5,12,LR,12,18,1,2,113.0093,0.5480585988529075
5,12,LR,12,18,1,2,114.009,0.4894470314872319
5,12,LR,12,18,1,2,115.0081,0.4005087853295667
5,12,LR,12,18,1,2,116.0078,0.3338234448912103
5,12,LR,12,18,1,2,117.0074,0.2951092165492211
5,12,LR,12,18,1,2,118.0071,0.2530255856324801
5,12,LR,12,18,1,2,119.0083,0.20522624022080233
5,12,LR,12,18,1,2,120.009,0.2854073512891961
5,12,LR,12,18,1,2,120.9984,0.40416745654664255
5,12,LR,12,18,1,2,122.0074,0.47449989960083355
5,12,LR,12,18,1,2,123.0077,0.463772706341619
5,12,LR,12,18,1,2,123.9986,0.4133131625921498
5,12,LR,12,18,1,2,125.0092,0.42950242602410665
5,12,LR,12,18,1,2,125.9986,0.4362911666657686
5,12,LR,12,18,1,2,126.9988,0.4349928206241483
5,12,LR,12,18,1,2,127.9989,0.48456325417487367
5,12,LR,12,18,1,2,128.9988,0.539747147426932
5,12,LR,12,18,1,2,129.9991,0.5964211145727091
5,12,LR,12,18,1,2,130.9994,0.5764940136675217
5,12,LR,12,18,1,2,131.999,0.6596755791044577
5,12,LR,12,18,1,2,132.9998,0.6584290089546916
5,12,LR,12,18,1,2,133.9993,0.5587071047813992
5,12,LR,12,18,1,2,134.9985,0.5025095506298198
5,12,LR,12,18,1,2,135.9998,0.4944956559419683
5,12,LR,12,18,1,2,136.9992,0.3784104079221313
5,12,LR,12,18,1,2,137.9989,0.3497419837933657
5,12,LR,12,18,1,2,138.9988,0.45561056989663107
5,12,LR,12,18,1,2,139.9986,0.5486836986467353
5,12,LR,12,18,1,2,140.9988,0.5072359169328967
5,12,LR,12,18,1,2,141.9991,0.4808824654616757
5,12,LR,12,18,1,2,142.9998,0.4700331781283809
5,12,LR,12,18,1,2,143.9999,0.4730452209245449
5,12,LR,12,18,1,2,145.0001,0.5592212316671245
5,12,LR,12,18,1,2,146.001,0.5469537454531304
5,12,LR,12,18,1,2,147.0007,0.39622725927389774
5,12,LR,12,18,1,2,148.0004,0.41129262078751927
5,12,LR,12,18,1,2,149.001,0.5194748400536598
5,12,LR,12,18,1,2,150.0006,0.5981069420404728
5,12,LR,12,18,1,2,151.0011,0.5906091315979223
5,12,LR,12,18,1,2,152.0004,0.552150220539776
5,12,LR,12,18,1,2,153.001,0.5933045713972733
5,12,LR,12,18,1,2,154.0011,0.6798442577769592
5,12,LR,12,18,1,2,155.0003,0.679135752388173
5,12,LR,12,18,1,2,156.001,0.5356904331952046
5,12,LR,12,18,1,2,156.9993,0.4882264946035844
5,12,LR,12,18,1,2,157.9988,0.49011640291043
5,12,LR,12,18,1,2,159.0003,0.44977300881736815
5,12,LR,12,18,1,2,160.0008,0.4022825545520757
5,12,LR,12,18,1,2,160.9996,0.2505647147255821
5,12,LR,12,18,1,2,162.0001,0.16720078399871924
5,12,LR,12,18,1,2,163.0001,0.15513292295733194
5,12,LR,12,18,1,2,164.0005,0.1604778530445678
5,12,LR,12,18,1,2,165.0004,0.18110098067770572
5,12,LR,12,18,1,2,166.0017,0.18680232517347084
5,12,LR,12,18,1,2,167.0011,0.28847185551938587
5,12,LR,12,18,1,2,168.0008,0.3823607515686429
5,12,LR,12,18,1,2,168.9998,0.32712006901775414
5,12,LR,12,18,1,2,170.0002,0.28529114127975097
5,12,LR,12,18,1,2,170.9997,0.391769633461231
5,12,LR,12,18,1,2,172.0014,0.461565454529962
5,12,LR,12,18,1,2,173.0018,0.3700358217474248
5,12,LR,12,18,1,2,174.0013,0.28572365914033065
5,12,LR,12,18,1,2,175.0014,0.2736766977353342
5,12,LR,12,18,1,2,176.0028,0.24804314681662326
5,12,LR,12,18,1,2,177.0029,0.2452372072727398
5,12,LR,12,18,1,2,178.0038,0.32436706358123146
5,12,LR,12,18,1,2,179.0038,0.3253329532412655
5,12,LR,12,18,1,2,180.0031,0.328398008715491
5,12,LR,12,18,1,2,181.0029,0.3465725801147022
5,12,LR,12,18,1,2,182.0026,0.34582990670012576
5,12,LR,12,18,1,2,183.0027,0.3466481193621333
5,12,LR,12,18,1,2,184.0022,0.31639737578901755
5,12,LR,12,18,1,2,185.0028,0.3610026846706965
5,12,LR,12,18,1,2,186.0024,0.38734099078261286
5,12,LR,12,18,1,2,187.0021,0.22792150534636643
5,12,LR,12,18,1,2,188.0025,0.2280929132469695
5,12,LR,12,18,1,3,189.0021,0.22092391613093076
5,12,LR,12,18,1,3,190.0029,0.1981200294227759
5,12,LR,12,18,1,3,191.0034,0.18235388805164252
5,12,LR,12,18,1,3,192.002,0.1763008229310283
5,12,LR,12,18,1,3,193.0013,0.1652639475144084
5,12,LR,12,18,1,3,194.0016,0.13693089538583214
5,12,LR,12,18,1,3,195.0015,0.12884080057365913
5,12,LR,12,18,1,3,196.0016,0.11130862505176457
5,12,LR,12,18,1,3,197.0011,0.09044389358282975
5,12,LR,12,18,1,3,198.0019,0.07441464492248057
5,12,LR,12,18,1,3,199.0027,0.06345332944469373
5,12,LR,12,18,1,3,200.0016,0.07044869674599477
5,12,LR,12,18,1,3,201.0032,0.06867316900306364
5,12,LR,12,18,1,1,202.0032,0.06921340617787301
5,12,LR,12,18,1,1,203.0031,0.06887009365250772
5,12,LR,12,18,1,1,204.0051,0.09816460885413016
5,12,LR,12,18,1,1,205.0046,0.08060388917984464
5,12,LR,12,18,1,1,206.0048,0.1041515372889167
5,12,LR,12,18,1,1,207.0044,0.10769818671403919
5,12,LR,12,18,1,1,208.0034,0.10699627496935205
5,12,LR,12,18,1,1,209.0041,0.10865363375255496
5,12,LR,12,18,1,1,210.0043,0.10509317796035568
5,12,LR,12,18,1,1,211.0044,0.13186412590667146
5,12,LR,12,18,1,1,212.0051,0.18439364782714252
5,12,LR,12,18,1,1,213.0056,0.2574896043947809
5,12,LR,12,18,1,1,214.004,0.30601206131613384
5,12,LR,12,18,1,1,215.0044,0.4819469602407023
5,12,LR,12,18,1,1,216.0038,0.593231233363599
5,12,LR,12,18,1,1,217.0047,0.6496463953351373
5,12,LR,12,18,1,1,218.0059,0.6853322805001307
5,12,LR,12,18,1,1,219.0059,0.7190667992374666
5,12,LR,12,18,1,1,220.0052,0.7507572106606687
5,12,LR,12,18,1,1,221.0061,0.7979516956273942
5,12,LR,12,18,1,1,222.0059,0.7948745429556137
5,12,LR,12,18,1,1,223.0056,0.826564797940909
5,12,LR,12,18,1,1,224.0057,0.8438147566877232
5,12,LR,12,18,1,1,225.0056,0.8549345393286358
5,12,LR,12,18,1,1,226.0055,0.8160312418786597
5,12,LR,12,18,1,1,227.0059,0.7445638291974133
5,12,LR,12,18,1,1,228.005,0.7591091581199894
5,12,LR,12,18,1,1,229.0065,0.7454070750435065
5,12,LR,12,18,1,1,230.0075,0.714592623906007
5,12,LR,12,18,1,1,231.0063,0.6214892803673361
5,12,LR,12,18,1,1,232.0068,0.516680293375131
5,12,LR,12,18,1,1,233.0066,0.5102164922813706
5,12,LR,12,18,1,1,234.0066,0.4647351434193446
5,12,LR,12,18,1,1,235.0065,0.454996542208798
5,12,LR,12,18,1,1,236.0055,0.3915238128268803
5,12,LR,12,18,1,1,237.0056,0.2964171205691961
5,12,LR,12,18,1,1,238.0052,0.29100103804593813
5,12,LR,12,18,1,1,239.0056,0.42170571087508035
5,12,LR,12,18,1,1,240.0051,0.4575409323116556
5,12,LR,12,18,1,1,241.0055,0.46745710767017445
5,12,LR,12,18,1,1,242.0062,0.5134419015067001
5,12,LR,12,18,1,2,243.0076,0.5915512466530322
5,12,LR,12,18,1,2,244.0073,0.6756959346895194
5,12,LR,12,18,1,2,245.0063,0.7007363816389575
5,12,LR,12,18,1,2,246.0071,0.692638560277122
5,12,LR,12,18,1,2,247.0066,0.6975060304466569
5,12,LR,12,18,1,2,248.0063,0.59496652669451
5,12,LR,12,18,1,2,249.0063,0.4195975834688694
5,12,LR,12,18,1,2,250.0067,0.44650295066508777
5,12,LR,12,18,1,2,251.0069,0.4176875727643267
5,12,LR,12,18,1,2,252.0063,0.38355506389428123
5,12,LR,12,18,1,2,253.0062,0.4283447243606342
5,12,LR,12,18,1,2,254.007,0.45599170436866826
5,12,LR,12,18,1,3,255.0065,0.446979239984823
5,12,LR,12,18,1,3,256.0077,0.5409935211723439
5,12,LR,12,18,1,3,257.0081,0.688218998936092
5,12,LR,12,18,1,3,258.0063,0.7556647777689207
5,12,LR,12,18,1,3,259.008,0.8025114611814185
5,12,LR,12,18,1,3,260.007,0.8309826026930967
5,12,LR,12,18,1,3,261.0075,0.8082057793857882
5,12,LR,12,18,1,3,262.0077,0.7663920589179827
5,12,LR,12,18,1,3,263.0085,0.6303321976280033
5,12,LR,12,18,1,3,264.0075,0.5413994144849668
5,12,LR,12,18,1,3,265.0075,0.46857177553690266
5,12,LR,12,18,1,3,266.0073,0.36758296151915354
5,12,LR,12,18,1,3,267.0079,0.261227229454352
5,12,LR,12,18,1,3,268.0078,0.42329274308606957
5,12,LR,12,18,1,3,269.0071,0.4529237366639186
5,12,LR,12,18,1,3,270.0084,0.36962132275525894
5,12,LR,12,18,1,3,271.0077,0.19651102551667465
5,12,LR,12,18,1,3,272.0077,0.12900130038794771
5,12,LR,12,18,1,3,273.0062,0.10952903422831484
5,12,LR,12,18,1,3,274.0075,0.0800587266096152
5,12,LR,12,18,1,3,275.0082,0.08407499244442045
5,12,LR,12,18,1,3,276.0084,0.11701787808803664
5,12,LR,12,18,1,3,277.008,0.1376504725733478
5,12,LR,12,18,1,3,278.0078,0.12756043258678276
5,12,LR,12,18,1,3,279.0087,0.11151420653144621
5,12,LR,12,18,1,3,279.9987,0.08160252950135698
5,12,LR,12,18,1,3,280.9984,0.061657042750621824
5,12,LR,12,18,1,3,282.0078,0.0499882705311828
5,12,LR,12,18,1,3,283.0088,0.06942430270922026
5,12,LR,12,18,1,3,284.0084,0.049860604002761266
5,12,LR,12,18,1,3,285.0089,0.05863876474712801
5,12,LR,12,18,1,3,286.0092,0.09183676944164758
5,12,LR,12,18,1,3,287.0081,0.03764308961150338
5,12,LR,12,18,1,3,288.0087,0.03750350681476407
5,12,LR,12,18,1,3,289.0087,0.04206292960298206
5,12,LR,12,18,1,3,290.0087,0.03540670737777141
5,12,LR,12,18,1,3,290.9989,0.03902994092903277
5,12,LR,12,18,1,3,291.9995,0.04758442777600841
5,12,LR,12,18,1,3,293.0102,0.057189380600989145
5,12,LR,12,18,1,3,293.9985,0.062096077567672464
5,12,LR,12,18,1,3,295.0103,0.08530430742863924
5,12,LR,12,18,1,3,296.0102,0.11427674602796578
5,12,LR,12,18,1,3,297.0093,0.14212021868273644
5,12,LR,12,18,1,3,297.9989,0.1522484990944842
5,12,LR,12,18,1,3,298.9991,0.30194490868612667
5,12,LR,12,18,1,3,299.9987,0.4670759661344079
5,12,LR,12,18,1,3,300.9995,0.5223106950554769
5,12,LR,12,18,1,3,302.0092,0.47384819593455246
5,12,MLP,5,7,0,0,0.0,0.00026777200067240695
5,12,MLP,5,7,0,0,0.9979449,0.017696025123465128
5,12,MLP,5,7,0,0,1.994617,0.055914502070019995
5,12,MLP,5,7,0,0,3.0001,0.09560846086576852
5,12,MLP,5,7,0,0,3.992538,0.07627128222885357
5,12,MLP,5,7,0,0,4.998353,0.1009626654289516
5,12,MLP,5,7,0,0,5.994089,0.14166599257915785
5,12,MLP,5,7,0,0,6.999735,0.17634207905478488
5,12,MLP,5,7,0,0,7.992708,0.12905043681676337
5,12,MLP,5,7,0,0,8.99801,0.12048265894321687
5,12,MLP,5,7,0,0,9.992953,0.14868830850861503
5,12,MLP,5,7,0,0,10.99727,0.1397833661894801
5,12,MLP,5,7,0,0,12.00375,0.12964007500901775
5,12,MLP,5,7,0,0,12.99432,0.138571221038569
5,12,MLP,5,7,0,0,14.00173,0.15387988656722879
5,12,MLP,5,7,0,0,14.99507,0.12348728485736597
5,12,MLP,5,7,0,0,16.00235,0.11375724093846241
5,12,MLP,5,7,0,0,16.9948,0.15820284217190703
5,12,MLP,5,7,0,0,17.99868,0.12709505511668026
5,12,MLP,5,7,0,0,18.99538,0.1446049837090469
5,12,MLP,5,7,0,0,19.99832,0.16691510448673716
5,12,MLP,5,7,0,0,20.9952,0.20427711532669832
5,12,MLP,5,7,0,0,22.00016,0.18435069306831597
5,12,MLP,5,7,0,0,22.9937,0.18160845226261568
5,12,MLP,5,7,0,0,23.99834,0.18068178325368886
5,12,MLP,5,7,0,0,24.99279,0.17686629199834467
5,12,MLP,5,7,0,0,25.99831,0.12796344160337586
5,12,MLP,5,7,0,0,27.00385,0.1484928109599818
5,12,MLP,5,7,0,0,27.99797,0.1808171967392456
5,12,MLP,5,7,0,0,29.00375,0.17413161849138153
5,12,MLP,5,7,0,0,29.99829,0.16988975304719361
5,12,MLP,5,7,0,0,31.0024,0.16032616141821046
5,12,MLP,5,7,0,0,31.99665,0.15571958663756352
5,12,MLP,5,7,0,0,33.00146,0.16601707546741487
5,12,MLP,5,7,0,0,33.99636,0.1657961589069815
5,12,MLP,5,7,0,0,35.00234,0.17265275273606
5,12,MLP,5,7,0,0,35.99362,0.16489874203420216
5,12,MLP,5,7,0,0,37.00188,0.15002763787831164
5,12,MLP,5,7,0,0,37.99537,0.17554939001830608
5,12,MLP,5,7,0,0,39.00058,0.19103243081017174
5,12,MLP,5,7,0,0,39.99454,0.17275740173899118
5,12,MLP,5,7,0,0,41.00016,0.18039129417212194
5,12,MLP,5,7,0,0,41.99364,0.21444628854631806
5,12,MLP,5,7,0,0,42.99908,0.18852439822705355
5,12,MLP,5,7,0,0,43.9943,0.1977795351641645
5,12,MLP,5,7,0,0,44.9986,0.13309549752851926
5,12,MLP,5,7,0,0,45.99447,0.17373049632185933
5,12,MLP,5,7,0,0,46.99823,0.18529754213325733
5,12,MLP,5,7,0,0,48.00225,0.18055112448910748
5,12,MLP,5,7,0,0,48.99792,0.15451528980621232
5,12,MLP,5,7,0,0,49.99257,0.17324227136647974
5,12,MLP,5,7,0,0,50.99813,0.17097654485546662
5,12,MLP,5,7,0,0,52.00381,0.17412673334829534
5,12,MLP,5,7,0,0,52.99578,0.19779700107526027
5,12,MLP,5,7,0,0,54.0017,0.18525611344103768
5,12,MLP,5,7,0,0,54.99515,0.18268669406100058
5,12,MLP,5,7,0,0,56.00211,0.15607245115548496
5,12,MLP,5,7,0,0,56.99607,0.19953549897476816
5,12,MLP,5,7,0,0,58.00155,0.18091976358486642
5,12,MLP,5,7,0,0,58.99435,0.17701592562343238
5,12,MLP,5,7,0,0,60.0008,0.17574040317415934
5,12,MLP,5,7,0,0,60.994,0.1687902200223648
5,12,MLP,5,7,0,0,61.99949,0.17836791586818693
5,12,MLP,5,7,0,0,62.99507,0.19462431881148584
5,12,MLP,5,7,0,0,63.99815,0.1390579501924564
5,12,MLP,5,7,0,0,64.99374,0.21234556100909202
5,12,MLP,5,7,0,0,65.99939,0.1797845531961995
5,12,MLP,5,7,0,0,66.9928,0.21267801370016917
5,12,MLP,5,7,0,0,67.99718,0.1863279117235027
5,12,MLP,5,7,0,0,69.00393,0.20534401391221352
5,12,MLP,5,7,0,0,69.99723,0.22834602740683843
5,12,MLP,5,7,0,0,71.00259,0.247480350242132
5,12,MLP,5,7,0,0,71.99445,0.21356256814176133
5,12,MLP,5,7,0,0,73.00022,0.257132361845351
5,12,MLP,5,7,0,0,73.99709,0.2147455957773614
5,12,MLP,5,7,0,0,75.00314,0.1307950095602873
5,12,MLP,5,7,0,0,75.99519,0.24302986151900044
5,12,MLP,5,7,0,0,76.99998,0.26175756161282765
5,12,MLP,5,7,0,0,77.99554,0.2758871722680216
5,12,MLP,5,7,0,0,79.00001,0.21356250208064134
5,12,MLP,5,7,0,0,79.99461,0.27660415766021273
5,12,MLP,5,7,0,0,81.00056,0.21600723205009817
5,12,MLP,5,7,0,0,82.00359,0.3095284839430251
5,12,MLP,5,7,0,0,82.99943,0.20455530855644508
5,12,MLP,5,7,0,0,83.99486,0.2804558779469512
5,12,MLP,5,7,0,0,85.00007,0.21701468826160294
5,12,MLP,5,7,0,0,86.00393,0.3095490720060499
5,12,MLP,5,7,0,0,86.99812,0.23383828973154921
5,12,MLP,5,7,0,0,87.99282,0.2800874434217609
5,12,MLP,5,7,0,0,88.99699,0.2430745853991219
5,12,MLP,5,7,0,0,90.00186,0.2870020138344884
5,12,MLP,5,7,0,0,90.99645,0.2752240894587284
5,12,MLP,5,7,0,0,92.00201,0.28023075270856845
5,12,MLP,5,7,0,0,92.99689,0.27260258892772643
5,12,MLP,5,7,0,0,94.00135,0.28729022146169797
5,12,MLP,5,7,0,0,94.9968,0.2808698702325649
5,12,MLP,5,7,0,0,96.00082,0.28761553408367063
5,12,MLP,5,7,0,0,96.99449,0.30516673215607565
5,12,MLP,5,7,0,0,98.00054,0.31645811668090373
5,12,MLP,5,7,0,0,98.99588,0.28048139208894085
5,12,MLP,5,7,0,0,100.0011,0.18822625154214837
5,12,MLP,5,7,0,0,100.9948,0.2924694489799324
5,12,MLP,5,7,0,0,101.9992,0.2699015475517009
5,12,MLP,5,7,0,0,103.0026,0.2379326994594805
5,12,MLP,5,7,0,0,103.9996,0.23427985323322809
5,12,MLP,5,7,0,0,104.9937,0.28002225639958456
5,12,MLP,5,7,0,0,105.999,0.23158826144870961
5,12,MLP,5,7,0,0,106.9934,0.30252930369577746
5,12,MLP,5,7,0,0,107.9972,0.2695200431820284
5,12,MLP,5,7,0,0,109.0041,0.2785823696745603
5,12,MLP,5,7,0,0,109.9973,0.3148755415492634
5,12,MLP,5,7,0,0,111.0035,0.3051199325558094
5,12,MLP,5,7,0,0,111.9956,0.2707471160265793
5,12,MLP,5,7,0,0,113.0022,0.37795674488651126
5,12,MLP,5,7,0,0,113.9961,0.37291502917466246
5,12,MLP,5,7,0,0,115.0029,0.4099753902508689
5,12,MLP,5,7,0,0,115.9965,0.4258298112445783
5,12,MLP,5,7,0,0,117.001,0.3685349095239821
5,12,MLP,5,7,0,0,117.9928,0.4855062738848863
5,12,MLP,5,7,0,0,119.0004,0.4321254879039453
5,12,MLP,5,7,0,0,119.9944,0.5299485792192601
5,12,MLP,5,7,0,0,120.9998,0.4567963925077059
5,12,MLP,5,7,0,0,121.9927,0.43921863820621315
5,12,MLP,5,7,0,0,122.9995,0.42477460487622737
5,12,MLP,5,7,0,0,123.9934,0.45149235361391177
5,12,MLP,5,7,0,0,124.9973,0.3889703925866596
5,12,MLP,5,7,0,0,125.9932,0.4695310280160744
5,12,MLP,5,7,0,0,126.9995,0.45073629638844553
5,12,MLP,5,7,0,0,127.9935,0.4983726396996672
5,12,MLP,5,7,0,0,128.9974,0.4213564343223907
5,12,MLP,5,7,0,0,129.9926,0.47995419037976145
5,12,MLP,5,7,0,0,130.9946,0.4916072387206246
5,12,MLP,5,7,0,0,132.0014,0.4544400216235444
5,12,MLP,5,7,0,0,132.9977,0.4236952888499698
5,12,MLP,5,7,0,0,134.0006,0.4592107664844635
5,12,MLP,5,7,0,0,134.9947,0.541655887155251
5,12,MLP,5,7,0,0,135.9991,0.5163531275019451
5,12,MLP,5,7,0,0,136.9946,0.5390400359266195
5,12,MLP,5,7,0,0,138.0004,0.4086743815918112
5,12,MLP,5,7,0,0,138.9938,0.5619409454433003
5,12,MLP,5,7,0,0,139.9987,0.47511557963367057
5,12,MLP,5,7,0,0,141.0029,0.5393263997810912
5,12,MLP,5,7,0,0,141.998,0.40884073917401953
5,12,MLP,5,7,0,0,143.0033,0.5378878320882406
5,12,MLP,5,7,0,0,143.9993,0.4947066990206308
5,12,MLP,5,7,0,0,144.9935,0.5231235007059956
5,12,MLP,5,7,0,0,145.9986,0.5224280759865851
5,12,MLP,5,7,0,0,146.9928,0.550474924806736
5,12,MLP,5,7,0,0,147.9981,0.4728078120330671
5,12,MLP,5,7,0,0,149.0022,0.5784489563684284
5,12,MLP,5,7,0,0,149.9987,0.525817578073619
5,12,MLP,5,7,0,0,151.0019,0.5766286887057562
5,12,MLP,5,7,0,0,151.9956,0.5433065158478596
5,12,MLP,5,7,0,0,153.0024,0.5127357365279098
5,12,MLP,5,7,0,0,153.9956,0.6024695665131437
5,12,MLP,5,7,0,0,155.0018,0.5966239612943468
5,12,MLP,5,7,0,0,155.9956,0.6512285877886945
5,12,MLP,5,7,0,0,156.9987,0.5909790519069721
5,12,MLP,5,7,0,0,157.9938,0.6539534881095675
5,12,MLP,5,7,0,0,158.9985,0.6383796806293844
5,12,MLP,5,7,0,0,159.9931,0.6759202009801201
5,12,MLP,5,7,0,0,160.9992,0.655438856555061
5,12,MLP,5,7,0,0,162.0035,0.7178515571086016
5,12,MLP,5,7,0,0,162.9995,0.6962521058252957
5,12,MLP,5,7,0,0,163.9937,0.7445677059202718
5,12,MLP,5,7,0,0,164.9992,0.7335732826774085
5,12,MLP,5,7,0,0,166.0039,0.7547121194240239
5,12,MLP,5,7,0,0,166.9984,0.7902440229718228
5,12,MLP,5,7,0,0,167.9929,0.8430676426506198
5,12,MLP,5,7,0,0,168.997,0.8223945954844951
5,12,MLP,5,7,0,0,170.0035,0.868327168822229
5,12,MLP,5,7,0,0,170.9975,0.7493361135460178
5,12,MLP,5,7,0,0,172.001,0.877133099281403
5,12,MLP,5,7,0,0,172.9949,0.8950478553542082
5,12,MLP,5,7,0,0,174.0025,0.8954317399641925
5,12,MLP,5,7,0,0,174.9966,0.8802226049448956
5,12,MLP,5,7,0,0,176.0022,0.891103227751799
5,12,MLP,5,7,0,0,176.9957,0.9168034067552229
5,12,MLP,5,7,0,0,178.0007,0.923122251945739
5,12,MLP,5,7,0,0,178.996,0.9300689693199174
5,12,MLP,5,7,0,0,180.0002,0.9307686176120712
5,12,MLP,5,7,0,0,180.9951,0.9231313101598831
5,12,MLP,5,7,0,0,181.9999,0.9363626473397322
5,12,MLP,5,7,0,0,182.9938,0.9504002925865016
5,12,MLP,5,7,0,0,183.9994,0.7272374625303869
5,12,MLP,5,7,0,0,184.9946,0.8276675246445007
5,12,MLP,5,7,0,0,185.9985,0.9120182541804874
5,12,MLP,5,7,0,0,187.0036,0.9118069256008563
5,12,MLP,5,7,0,0,187.9986,0.8788291353098612
5,12,MLP,5,7,0,0,188.994,0.8796581514871841
5,12,MLP,5,7,0,0,189.9969,0.9093627514342447
5,12,MLP,5,7,0,0,191.0028,0.9181052547918269
5,12,MLP,5,7,0,0,191.9973,0.8995719560223899
5,12,MLP,5,7,0,0,193.0028,0.9058394920480634
5,12,MLP,5,7,0,0,193.9961,0.9242290702741542
5,12,MLP,5,7,0,0,195.0002,0.9083599607139292
5,12,MLP,5,7,0,0,195.9969,0.9230720181841338
5,12,MLP,5,7,0,0,197.0008,0.9180383388544986
5,12,MLP,5,7,0,0,197.996,0.9176527621211799
5,12,MLP,5,7,0,0,199.0008,0.8876292591664134
5,12,MLP,5,7,0,0,199.9948,0.9078229385597372
5,12,MLP,5,7,0,0,201.001,0.9105336837322412
5,12,MLP,5,7,0,0,201.9949,0.9200258321294449
5,12,MLP,5,7,0,0,202.9978,0.8749570369102538
5,12,MLP,5,7,0,0,203.994,0.8811957470021066
5,12,MLP,5,7,0,0,204.9967,0.9125083590314333
5,12,MLP,5,7,0,0,205.9934,0.9237128941263383
5,12,MLP,5,7,0,0,207.0,0.9119867809006627
5,12,MLP,5,7,0,0,208.0029,0.872440983663242
5,12,MLP,5,7,0,0,208.9988,0.8825423009920619
5,12,MLP,5,7,0,0,210.0011,0.8911272983111026
5,12,MLP,5,7,0,0,210.9983,0.832953850093064
5,12,MLP,5,7,0,0,212.0021,0.8826135451358278
5,12,MLP,5,7,0,0,212.9966,0.888329227659313
5,12,MLP,5,7,0,0,214.0021,0.897217961750836
5,12,MLP,5,7,0,0,214.9953,0.9077122511563255
5,12,MLP,5,7,0,0,216.0009,0.9217368217602607
5,12,MLP,5,7,0,0,216.996,0.7214651197320093
5,12,MLP,5,7,0,0,218.0005,0.8929417881252767
5,12,MLP,5,7,1,1,218.9956,0.8920805486446635
5,12,MLP,5,7,1,1,219.9999,0.879492585569112
5,12,MLP,5,7,1,1,220.9944,0.8236300601646234
5,12,MLP,5,7,1,1,221.9987,0.9067536136188891
5,12,MLP,5,7,1,1,223.0024,0.8486786193916057
5,12,MLP,5,7,1,1,223.999,0.8504421290122844
5,12,MLP,5,7,1,1,224.994,0.9070666359350785
5,12,MLP,5,7,1,1,225.9992,0.8272768724954472
5,12,MLP,5,7,1,1,226.9933,0.8721680876811622
5,12,MLP,5,7,1,1,227.9978,0.9167115677430643
5,12,MLP,5,7,1,1,228.9928,0.8615888525450633
5,12,MLP,5,7,1,1,229.9977,0.9045539529276798
5,12,MLP,5,7,1,1,231.0025,0.9081208060816819
5,12,MLP,5,7,1,1,231.9957,0.916140347023609
5,12,MLP,5,7,1,1,233.0028,0.9177005239702636
5,12,MLP,5,7,1,1,233.996,0.893205610638891
5,12,MLP,5,7,1,1,235.002,0.9174649197333167
5,12,MLP,5,7,1,1,235.9946,0.9082138596452061
5,12,MLP,5,7,1,1,237.0005,0.915158695918773
5,12,MLP,5,7,1,1,237.9957,0.8819860890863069
5,12,MLP,5,7,1,1,238.9999,0.9001378480149004
5,12,MLP,5,7,1,1,239.9937,0.9089915466245866
5,12,MLP,5,7,1,1,240.9994,0.8934794549064341
5,12,MLP,5,7,1,1,241.9947,0.9047479099799145
5,12,MLP,5,7,1,1,242.9996,0.8476968710491435
5,12,MLP,5,7,1,1,243.9935,0.8957534824171732
5,12,MLP,5,7,1,1,244.9977,0.88207489148167
5,12,MLP,5,7,1,1,246.0013,0.9128648135882986
5,12,MLP,5,7,1,1,246.9993,0.9334219526301589
5,12,MLP,5,7,1,1,247.9925,0.9435062100195589
5,12,MLP,5,7,1,1,248.9948,0.9210355410653123
5,12,MLP,5,7,1,1,250.0025,0.95277522522734
5,12,MLP,5,7,1,1,250.998,0.9458337722311807
5,12,MLP,5,7,1,1,252.0027,0.9619720752821089
5,12,MLP,5,7,1,1,252.9959,0.9374917334112645
5,12,MLP,5,7,1,1,254.0011,0.9652071687945968
5,12,MLP,5,7,1,1,254.9948,0.9354430572502903
5,12,MLP,5,7,1,1,256.0013,0.9689183781254352
5,12,MLP,5,7,1,1,256.994,0.971394912538773
5,12,MLP,5,7,1,1,258.0011,0.9678472621366113
5,12,MLP,5,7,1,1,258.9933,0.976262019597057
5,12,MLP,5,7,1,1,259.9996,0.9704354248466274
5,12,MLP,5,7,1,1,260.9945,0.9799814696577701
5,12,MLP,5,7,1,1,262.0007,0.9778701570859435
5,12,MLP,5,7,1,1,262.9942,0.9826077704974027
5,12,MLP,5,7,1,1,263.9989,0.983955341231518
5,12,MLP,5,7,1,1,265.0031,0.965873476011145
5,12,MLP,5,7,1,1,265.9983,0.9810625010892624
5,12,MLP,5,7,1,1,267.0032,0.7968725012356012
5,12,MLP,5,7,1,1,267.9985,0.9183293378474471
5,12,MLP,5,7,1,1,269.0014,0.9580916394087486
5,12,MLP,5,7,1,1,269.9975,0.9658172697104482
5,12,MLP,5,7,1,1,271.003,0.9666789879560644
5,12,MLP,5,7,1,1,271.9947,0.9509086962845568
5,12,MLP,5,7,1,1,273.0017,0.956361421820308
5,12,MLP,5,7,1,1,273.9952,0.9670496467183765
5,12,MLP,5,7,1,1,275.0027,0.9672484911874876
5,12,MLP,5,7,1,1,275.9961,0.9685653802902755
5,12,MLP,5,7,1,1,276.9996,0.9400621954483284
5,12,MLP,5,7,1,1,277.9951,0.9673124739105893
5,12,MLP,5,7,1,1,278.9993,0.9603652193410609
5,12,MLP,5,7,1,1,279.9949,0.9663000402579464
5,12,MLP,5,7,1,1,280.9994,0.9247973303043463
5,12,MLP,5,7,1,1,282.0031,0.957230329490804
5,12,MLP,5,7,1,1,282.9984,0.9600818833479934
5,12,MLP,5,7,1,1,283.9934,0.9414403866187322
5,12,MLP,5,7,1,1,284.9965,0.9574227088973334
5,12,MLP,5,7,1,1,285.9926,0.9623627324707383
5,12,MLP,5,7,1,1,286.9979,0.9445403084198802
5,12,MLP,5,7,1,1,288.0005,0.962345749134281
5,12,MLP,5,7,1,1,288.9972,0.9480534755700608
5,12,MLP,5,7,1,1,289.9999,0.9435396224141595
5,12,MLP,5,7,1,1,290.9973,0.9521184063621965
5,12,MLP,5,7,1,1,292.0016,0.9315190539442789
5,12,MLP,5,7,1,1,292.9963,0.9486554739116214
5,12,MLP,5,7,1,1,294.0009,0.9295184194464984
5,12,MLP,5,7,1,1,294.9931,0.7896042390913492
5,12,MLP,5,7,1,1,296.0004,0.8874552040668321
5,12,MLP,5,7,1,1,296.9958,0.9026414081292231
5,12,MLP,5,7,1,1,297.9999,0.8372161346679377
5,12,MLP,5,7,1,1,298.994,0.8886436074567775
5,12,MLP,5,7,1,1,299.9984,0.8597310834412848
5,12,MLP,5,7,1,1,300.9926,0.8961581473157371
5,12,MLP,5,7,1,1,301.9978,0.8620474794166509
5,12,MLP,12,18,0,0,0.0,0.020884034692163368
5,12,MLP,12,18,0,0,1.008357,0.015631157631623448
5,12,MLP,12,18,0,0,2.00824,0.014936318360457826
5,12,MLP,12,18,0,0,3.008948,0.034718685368222
5,12,MLP,12,18,0,0,3.999748,0.016805853599711703
5,12,MLP,12,18,0,0,4.999649,0.027523600720764395
5,12,MLP,12,18,0,0,6.000401,0.027147431009055027
5,12,MLP,12,18,0,0,6.999671,0.01222432539927274
5,12,MLP,12,18,0,0,8.000978,0.0031293373998986292
5,12,MLP,12,18,0,0,9.002599,0.0006545136509592246
5,12,MLP,12,18,0,0,10.0028,0.0002926278322303558
5,12,MLP,12,18,0,0,11.00139,0.00016752211760792874
5,12,MLP,12,18,0,0,12.00211,0.00016698877842930365
5,12,MLP,12,18,0,0,13.00259,0.00017751344184193594
5,12,MLP,12,18,0,0,14.00278,0.00019427031387546587
5,12,MLP,12,18,0,0,15.00179,0.00023450299337083374
5,12,MLP,12,18,0,0,16.00156,0.0005205091168613591
5,12,MLP,12,18,0,0,17.0027,0.00048766700981339213
5,12,MLP,12,18,0,0,18.00079,0.013897624544202259
5,12,MLP,12,18,0,0,19.00123,0.06279914907199341
5,12,MLP,12,18,0,0,20.00084,0.11538197143850594
5,12,MLP,12,18,0,0,21.00071,0.10913456780173675
5,12,MLP,12,18,0,0,22.00156,0.11012700729742168
5,12,MLP,12,18,0,0,23.00053,0.1043108769820459
5,12,MLP,12,18,0,0,24.00102,0.10546311966991417
5,12,MLP,12,18,0,0,25.00209,0.11349414298008556
5,12,MLP,12,18,0,0,26.0016,0.11780380326979224
5,12,MLP,12,18,0,0,27.00249,0.1036525751422651
5,12,MLP,12,18,0,0,28.0012,0.10352820086203815
5,12,MLP,12,18,0,0,29.00121,0.07741092875501296
5,12,MLP,12,18,0,0,30.00123,0.06244325960580515
5,12,MLP,12,18,0,0,31.00164,0.05535038354853581
5,12,MLP,12,18,0,0,32.00216,0.11787916416779488
5,12,MLP,12,18,0,0,33.00088,0.13664717731898926
5,12,MLP,12,18,0,0,34.00269,0.11998851061178828
5,12,MLP,12,18,0,0,35.00294,0.07264639192042673
5,12,MLP,12,18,0,0,36.00311,0.0567274550071658
5,12,MLP,12,18,0,0,37.00309,0.05207546571465178
5,12,MLP,12,18,0,0,38.00405,0.053617750842733035
5,12,MLP,12,18,0,0,39.00333,0.059458609617542825
5,12,MLP,12,18,0,0,40.00485,0.1287358434039254
5,12,MLP,12,18,0,0,41.00397,0.19984974104036116
5,12,MLP,12,18,0,0,42.00266,0.22986683199135022
5,12,MLP,12,18,0,0,43.00225,0.22942235409550948
5,12,MLP,12,18,0,0,44.00298,0.1978941128761294
5,12,MLP,12,18,0,0,45.00437,0.24625892725002785
5,12,MLP,12,18,0,0,46.00364,0.27038118141073375
5,12,MLP,12,18,0,0,47.00359,0.2650386833972719
5,12,MLP,12,18,0,0,48.0054,0.34355693516679525
5,12,MLP,12,18,0,0,49.00593,0.36087328793963724
5,12,MLP,12,18,0,0,50.00617,0.373778322340175
5,12,MLP,12,18,0,0,51.00528,0.30226454981238127
5,12,MLP,12,18,0,0,52.00639,0.2435802553307671
5,12,MLP,12,18,1,1,53.00624,0.24260465425118766
5,12,MLP,12,18,1,1,54.00494,0.23783095547307498
5,12,MLP,12,18,1,1,55.00533,0.30847412853716877
5,12,MLP,12,18,1,1,56.00521,0.3037724280854393
5,12,MLP,12,18,1,1,57.00574,0.35395786845812655
5,12,MLP,12,18,1,1,58.0062,0.3353560349709193
5,12,MLP,12,18,1,1,59.00651,0.2991976703969725
5,12,MLP,12,18,1,1,60.0065,0.3135920962219493
5,12,MLP,12,18,1,1,61.00676,0.31501347245784894
5,12,MLP,12,18,1,1,62.00747,0.4090480138018908
5,12,MLP,12,18,1,1,63.00783,0.31071996621632264
5,12,MLP,12,18,1,1,64.00652,0.33386641151423324
5,12,MLP,12,18,1,1,65.00637,0.2779566604380909
5,12,MLP,12,18,1,1,66.00661,0.2692268202876235
5,12,MLP,12,18,1,1,67.00733,0.22577756987154252
5,12,MLP,12,18,1,1,68.0062,0.2605357033747132
5,12,MLP,12,18,1,1,69.00656,0.16899660418258858
5,12,MLP,12,18,1,1,70.00576,0.1581106651459284
5,12,MLP,12,18,1,1,71.007,0.13604471256132808
5,12,MLP,12,18,1,1,72.00552,0.11994565959405512
5,12,MLP,12,18,1,1,73.00641,0.10504108463558766
5,12,MLP,12,18,1,1,74.00616,0.11798174641554064
5,12,MLP,12,18,1,1,75.00674,0.14189943167748728
5,12,MLP,12,18,1,1,76.00529,0.1312282614997522
5,12,MLP,12,18,1,1,77.00492,0.15318214215508397
5,12,MLP,12,18,1,1,78.00499,0.15483229783446265
5,12,MLP,12,18,1,1,79.00438,0.16042970692320074
5,12,MLP,12,18,1,1,80.00517,0.2045567541603323
5,12,MLP,12,18,1,1,81.00525,0.1948902598720269
5,12,MLP,12,18,1,1,82.00571,0.24618495366410187
5,12,MLP,12,18,1,1,83.0059,0.24976121914028288
5,12,MLP,12,18,1,1,84.00636,0.2575760269787857
5,12,MLP,12,18,1,1,85.00627,0.27292782507218255
5,12,MLP,12,18,1,1,86.00544,0.2631354116291266
5,12,MLP,12,18,1,1,87.00535,0.3027462163539402
5,12,MLP,12,18,1,1,88.00661,0.18879251550602197
5,12,MLP,12,18,1,1,89.00671,0.19699902478538775
5,12,MLP,12,18,1,1,90.0069,0.2219322272068314
5,12,MLP,12,18,1,1,91.00655,0.22361066134779153
5,12,MLP,12,18,1,1,92.00586,0.2756589944896608
5,12,MLP,12,18,1,1,93.00626,0.3846319729292886
5,12,MLP,12,18,1,1,94.00586,0.41484586623374026
5,12,MLP,12,18,1,1,95.00709,0.4258401299745072
5,12,MLP,12,18,1,1,96.00739,0.4314644713942011
5,12,MLP,12,18,1,1,97.00674,0.49494218957847397
5,12,MLP,12,18,1,1,98.00808,0.45918461343475303
5,12,MLP,12,18,1,1,99.00751,0.46297279229666694
5,12,MLP,12,18,1,1,100.0077,0.4114261533176729
5,12,MLP,12,18,1,1,101.0096,0.42673928361029106
5,12,MLP,12,18,1,1,102.0074,0.4594888145945288
5,12,MLP,12,18,1,1,103.0078,0.4416842078870729
5,12,MLP,12,18,1,1,104.0074,0.4252625028337327
5,12,MLP,12,18,1,1,105.0075,0.3415635686804265
5,12,MLP,12,18,1,1,106.0091,0.23431293166718392
5,12,MLP,12,18,1,1,107.0098,0.2671724137459289
5,12,MLP,12,18,1,2,108.0099,0.33028605538639705
5,12,MLP,12,18,1,2,109.0091,0.2338512167636017
5,12,MLP,12,18,1,2,110.0078,0.3774988530846055
5,12,MLP,12,18,1,2,111.0087,0.4435792237966423
5,12,MLP,12,18,1,2,112.0099,0.5394153028000445
5,12,MLP,12,18,1,2,113.0093,0.5539024678724381
5,12,MLP,12,18,1,2,114.009,0.5630500661056689
5,12,MLP,12,18,1,2,115.0081,0.47326164813710137
5,12,MLP,12,18,1,2,116.0078,0.46926430395863583
5,12,MLP,12,18,1,2,117.0074,0.415162656821541
5,12,MLP,12,18,1,2,118.0071,0.5459160225033592
5,12,MLP,12,18,1,2,119.0083,0.3032143922565813
5,12,MLP,12,18,1,2,120.009,0.37338781767989865
5,12,MLP,12,18,1,2,120.9984,0.5105154105873182
5,12,MLP,12,18,1,2,122.0074,0.4650652472810601
5,12,MLP,12,18,1,2,123.0077,0.5146684966815892
5,12,MLP,12,18,1,2,123.9986,0.4285616128801182
5,12,MLP,12,18,1,2,125.0092,0.43457974334030386
5,12,MLP,12,18,1,2,125.9986,0.37638978773542114
5,12,MLP,12,18,1,2,126.9988,0.37250347539048334
5,12,MLP,12,18,1,2,127.9989,0.32181263923361414
5,12,MLP,12,18,1,2,128.9988,0.45485442617686545
5,12,MLP,12,18,1,2,129.9991,0.3983527572253004
5,12,MLP,12,18,1,2,130.9994,0.45978045684674235
5,12,MLP,12,18,1,2,131.999,0.5162129852624332
5,12,MLP,12,18,1,2,132.9998,0.4812396303428718
5,12,MLP,12,18,1,2,133.9993,0.5006717655606941
5,12,MLP,12,18,1,2,134.9985,0.49731632855972685
5,12,MLP,12,18,1,2,135.9998,0.47669341381154046
5,12,MLP,12,18,1,2,136.9992,0.18892557763876505
5,12,MLP,12,18,1,2,137.9989,0.3498312433400602
5,12,MLP,12,18,1,2,138.9988,0.4283479658252118
5,12,MLP,12,18,1,2,139.9986,0.4330711249915197
5,12,MLP,12,18,1,2,140.9988,0.39907209986237585
5,12,MLP,12,18,1,2,141.9991,0.43540092834906924
5,12,MLP,12,18,1,2,142.9998,0.5373601582428167
5,12,MLP,12,18,1,2,143.9999,0.5807282730388956
5,12,MLP,12,18,1,2,145.0001,0.5956741619936516
5,12,MLP,12,18,1,2,146.001,0.47698863913763495
5,12,MLP,12,18,1,2,147.0007,0.3714516045829124
5,12,MLP,12,18,1,2,148.0004,0.3563226074461992
5,12,MLP,12,18,1,2,149.001,0.36390525257236056
5,12,MLP,12,18,1,2,150.0006,0.4118954514529806
5,12,MLP,12,18,1,2,151.0011,0.40135663540444705
5,12,MLP,12,18,1,2,152.0004,0.339609481220139
5,12,MLP,12,18,1,2,153.001,0.396589239595069
5,12,MLP,12,18,1,2,154.0011,0.3555438126025939
5,12,MLP,12,18,1,2,155.0003,0.27221129711420133
5,12,MLP,12,18,1,2,156.001,0.3928039383384639
5,12,MLP,12,18,1,2,156.9993,0.39655723351145433
5,12,MLP,12,18,1,2,157.9988,0.491398336687802
5,12,MLP,12,18,1,2,159.0003,0.5006952308173508
5,12,MLP,12,18,1,2,160.0008,0.3383493496045274
5,12,MLP,12,18,1,2,160.9996,0.36961894476455853
5,12,MLP,12,18,1,2,162.0001,0.3116047930819453
5,12,MLP,12,18,1,2,163.0001,0.20893370357030136
5,12,MLP,12,18,1,2,164.0005,0.3914640502094645
5,12,MLP,12,18,1,2,165.0004,0.4929284919501039
5,12,MLP,12,18,1,2,166.0017,0.47289375590760674
5,12,MLP,12,18,1,2,167.0011,0.3799274356940893
5,12,MLP,12,18,1,2,168.0008,0.3908544800934312
5,12,MLP,12,18,1,2,168.9998,0.2740310822720404
5,12,MLP,12,18,1,2,170.0002,0.48742782580337357
5,12,MLP,12,18,1,2,170.9997,0.5646797710181387
5,12,MLP,12,18,1,2,172.0014,0.5827801506863698
5,12,MLP,12,18,1,2,173.0018,0.6006348877282655
5,12,MLP,12,18,1,2,174.0013,0.4149029074660805
5,12,MLP,12,18,1,2,175.0014,0.5399579654139154
5,12,MLP,12,18,1,2,176.0028,0.40932070955559385
5,12,MLP,12,18,1,2,177.0029,0.5431260751082859
5,12,MLP,12,18,1,2,178.0038,0.5735510346008961
5,12,MLP,12,18,1,2,179.0038,0.5165331663366105
5,12,MLP,12,18,1,2,180.0031,0.4773638925386077
5,12,MLP,12,18,1,2,181.0029,0.5768670611951946
5,12,MLP,12,18,1,2,182.0026,0.5152184960345159
5,12,MLP,12,18,1,2,183.0027,0.5181123107088337
5,12,MLP,12,18,1,2,184.0022,0.5087515372915118
5,12,MLP,12,18,1,2,185.0028,0.41714130255826304
5,12,MLP,12,18,1,2,186.0024,0.3243185464984248
5,12,MLP,12,18,1,2,187.0021,0.4181758733869792
5,12,MLP,12,18,1,2,188.0025,0.37006674666602574
5,12,MLP,12,18,1,3,189.0021,0.48141862124673307
5,12,MLP,12,18,1,3,190.0029,0.48666697038298273
5,12,MLP,12,18,1,3,191.0034,0.4962445210559038
5,12,MLP,12,18,1,3,192.002,0.5467933195207153
5,12,MLP,12,18,1,3,193.0013,0.4359015653845761
5,12,MLP,12,18,1,3,194.0016,0.3939667056183727
5,12,MLP,12,18,1,3,195.0015,0.4328126759228026
5,12,MLP,12,18,1,3,196.0016,0.45960811140847535
5,12,MLP,12,18,1,3,197.0011,0.43102187159227834
5,12,MLP,12,18,1,3,198.0019,0.4114030434501021
5,12,MLP,12,18,1,3,199.0027,0.37949540279181115
5,12,MLP,12,18,1,3,200.0016,0.3456654850058663
5,12,MLP,12,18,1,3,201.0032,0.36051366134028884
5,12,MLP,12,18,1,1,202.0032,0.30346153998044784
5,12,MLP,12,18,1,1,203.0031,0.29833246123167306
5,12,MLP,12,18,1,1,204.0051,0.3896435663716742
5,12,MLP,12,18,1,1,205.0046,0.40289552380742344
5,12,MLP,12,18,1,1,206.0048,0.40261711494464913
5,12,MLP,12,18,1,1,207.0044,0.49954711514517547
5,12,MLP,12,18,1,1,208.0034,0.4468352175142959
5,12,MLP,12,18,1,1,209.0041,0.5121204500784464
5,12,MLP,12,18,1,1,210.0043,0.4163216392876403
5,12,MLP,12,18,1,1,211.0044,0.3670540884315126
5,12,MLP,12,18,1,1,212.0051,0.47627167937875203
5,12,MLP,12,18,1,1,213.0056,0.4784423022157632
5,12,MLP,12,18,1,1,214.004,0.33890051508762037
5,12,MLP,12,18,1,1,215.0044,0.5343769434725063
5,12,MLP,12,18,1,1,216.0038,0.6141117255985626
5,12,MLP,12,18,1,1,217.0047,0.618899886082714
5,12,MLP,12,18,1,1,218.0059,0.6411463603220097
5,12,MLP,12,18,1,1,219.0059,0.4775882929422946
5,12,MLP,12,18,1,1,220.0052,0.6802986427741142
5,12,MLP,12,18,1,1,221.0061,0.7103690062851847
5,12,MLP,12,18,1,1,222.0059,0.7623952980057724
5,12,MLP,12,18,1,1,223.0056,0.7573284124650127
5,12,MLP,12,18,1,1,224.0057,0.7862347556972744
5,12,MLP,12,18,1,1,225.0056,0.7648823551661389
5,12,MLP,12,18,1,1,226.0055,0.6919871077715384
5,12,MLP,12,18,1,1,227.0059,0.7346090980840789
5,12,MLP,12,18,1,1,228.005,0.8237238817495797
5,12,MLP,12,18,1,1,229.0065,0.6136498721267035
5,12,MLP,12,18,1,1,230.0075,0.8134863416490024
5,12,MLP,12,18,1,1,231.0063,0.5665400518662458
5,12,MLP,12,18,1,1,232.0068,0.6115562422109626
5,12,MLP,12,18,1,1,233.0066,0.8023146277319624
5,12,MLP,12,18,1,1,234.0066,0.645502438771428
5,12,MLP,12,18,1,1,235.0065,0.6752638584023566
5,12,MLP,12,18,1,1,236.0055,0.6192792822520362
5,12,MLP,12,18,1,1,237.0056,0.4989663658566036
5,12,MLP,12,18,1,1,238.0052,0.6689750148293634
5,12,MLP,12,18,1,1,239.0056,0.6305792050147194
5,12,MLP,12,18,1,1,240.0051,0.6063044418062137
5,12,MLP,12,18,1,1,241.0055,0.6581649894603271
5,12,MLP,12,18,1,1,242.0062,0.659588922852776
5,12,MLP,12,18,1,2,243.0076,0.7089630432320456
5,12,MLP,12,18,1,2,244.0073,0.6856574769088593
5,12,MLP,12,18,1,2,245.0063,0.5622602477962257
5,12,MLP,12,18,1,2,246.0071,0.6168606924393054
5,12,MLP,12,18,1,2,247.0066,0.5107925855426962
5,12,MLP,12,18,1,2,248.0063,0.3759138255966552
5,12,MLP,12,18,1,2,249.0063,0.36484530698398054
5,12,MLP,12,18,1,2,250.0067,0.46013806194425116
5,12,MLP,12,18,1,2,251.0069,0.38237872409295953
5,12,MLP,12,18,1,2,252.0063,0.3380548572618534
5,12,MLP,12,18,1,2,253.0062,0.5202336287028896
5,12,MLP,12,18,1,2,254.007,0.5277547067740898
5,12,MLP,12,18,1,3,255.0065,0.5973940213367358
5,12,MLP,12,18,1,3,256.0077,0.6745185832197982
5,12,MLP,12,18,1,3,257.0081,0.4231460231756099
5,12,MLP,12,18,1,3,258.0063,0.5482266616831342
5,12,MLP,12,18,1,3,259.008,0.5511224140287947
5,12,MLP,12,18,1,3,260.007,0.4771715811518663
5,12,MLP,12,18,1,3,261.0075,0.5467976438689272
5,12,MLP,12,18,1,3,262.0077,0.44029572374914866
5,12,MLP,12,18,1,3,263.0085,0.42236451107453177
5,12,MLP,12,18,1,3,264.0075,0.36093187347505984
5,12,MLP,12,18,1,3,265.0075,0.4022108700726896
5,12,MLP,12,18,1,3,266.0073,0.36973887699966757
5,12,MLP,12,18,1,3,267.0079,0.3395702648363976
5,12,MLP,12,18,1,3,268.0078,0.4075396468105534
5,12,MLP,12,18,1,3,269.0071,0.4395005202010203
5,12,MLP,12,18,1,3,270.0084,0.5755314957066083
5,12,MLP,12,18,1,3,271.0077,0.5117955825555724
5,12,MLP,12,18,1,3,272.0077,0.5957866975543737
5,12,MLP,12,18,1,3,273.0062,0.45498922589931917
5,12,MLP,12,18,1,3,274.0075,0.4465856948783867
5,12,MLP,12,18,1,3,275.0082,0.5007342187760435
5,12,MLP,12,18,1,3,276.0084,0.5956487436000472
5,12,MLP,12,18,1,3,277.008,0.5300317708202202
5,12,MLP,12,18,1,3,278.0078,0.5180572678234541
5,12,MLP,12,18,1,3,279.0087,0.609736180417466
5,12,MLP,12,18,1,3,279.9987,0.590901693331434
5,12,MLP,12,18,1,3,280.9984,0.5779609846054509
5,12,MLP,12,18,1,3,282.0078,0.4470238889201026
5,12,MLP,12,18,1,3,283.0088,0.6402960636376528
5,12,MLP,12,18,1,3,284.0084,0.5924957510222912
5,12,MLP,12,18,1,3,285.0089,0.5728055556149054
5,12,MLP,12,18,1,3,286.0092,0.6029368721351305
5,12,MLP,12,18,1,3,287.0081,0.5630553895972049
5,12,MLP,12,18,1,3,288.0087,0.6362362775651679
5,12,MLP,12,18,1,3,289.0087,0.567283146012777
5,12,MLP,12,18,1,3,290.0087,0.541763528165201
5,12,MLP,12,18,1,3,290.9989,0.593149283750718
5,12,MLP,12,18,1,3,291.9995,0.6093866894947804
5,12,MLP,12,18,1,3,293.0102,0.6223522667768856
5,12,MLP,12,18,1,3,293.9985,0.6002998137335909
5,12,MLP,12,18,1,3,295.0103,0.5573314342228284
5,12,MLP,12,18,1,3,296.0102,0.5596426267244733
5,12,MLP,12,18,1,3,297.0093,0.5538049589386246
5,12,MLP,12,18,1,3,297.9989,0.6165067612254945
5,12,MLP,12,18,1,3,298.9991,0.6908295094126965
5,12,MLP,12,18,1,3,299.9987,0.48500383842948086
5,12,MLP,12,18,1,3,300.9995,0.49529178125502615
5,12,MLP,12,18,1,3,302.0092,0.4249476001116594
5,12,Clock,5,7,0,0,0.0,0.2174860403946488
5,12,Clock,5,7,0,0,0.9979449,0.21895068825084607
5,12,Clock,5,7,0,0,1.994617,0.22042053968559341
5,12,Clock,5,7,0,0,3.0001,0.22191054291277612
5,12,Clock,5,7,0,0,3.992538,0.22338826179823829
5,12,Clock,5,7,0,0,4.998353,0.2248930370906092
5,12,Clock,5,7,0,0,5.994089,0.2263898073427524
5,12,Clock,5,7,0,0,6.999735,0.22790861168119797
5,12,Clock,5,7,0,0,7.992708,0.22941530969117868
5,12,Clock,5,7,0,0,8.99801,0.23094782599634664
5,12,Clock,5,7,0,0,9.992953,0.2324715910678947
5,12,Clock,5,7,0,0,10.99727,0.23401680421491494
5,12,Clock,5,7,0,0,12.00375,0.23557248821295496
5,12,Clock,5,7,0,0,12.99432,0.2371105521934283
5,12,Clock,5,7,0,0,14.00173,0.23868184771830753
5,12,Clock,5,7,0,0,14.99507,0.24023818313515002
5,12,Clock,5,7,0,0,16.00235,0.24182342899855558
5,12,Clock,5,7,0,0,16.9948,0.24339229057913622
5,12,Clock,5,7,0,0,17.99868,0.24498622783094554
5,12,Clock,5,7,0,0,18.99538,0.2465757271771403
5,12,Clock,5,7,0,0,19.99832,0.24818216428470574
5,12,Clock,5,7,0,0,20.9952,0.24978582820283826
5,12,Clock,5,7,0,0,22.00016,0.2514094739585271
5,12,Clock,5,7,0,0,22.9937,0.25302154274602523
5,12,Clock,5,7,0,0,23.99834,0.25465855839603957
5,12,Clock,5,7,0,0,24.99279,0.25628582010005624
5,12,Clock,5,7,0,0,25.99831,0.25793811040054476
5,12,Clock,5,7,0,0,27.00385,0.25959736952855855
5,12,Clock,5,7,0,0,27.99797,0.2612445807307447
5,12,Clock,5,7,0,0,29.00375,0.26291797111251003
5,12,Clock,5,7,0,0,29.99829,0.26457942552468083
5,12,Clock,5,7,0,0,31.0024,0.2662636729148025
5,12,Clock,5,7,0,0,31.99665,0.2679380982278991
5,12,Clock,5,7,0,0,33.00146,0.2696370730693064
5,12,Clock,5,7,0,0,33.99636,0.2713259707546271
5,12,Clock,5,7,0,0,35.00234,0.2730404088491566
5,12,Clock,5,7,0,0,35.99362,0.27473640554855694
5,12,Clock,5,7,0,0,37.00188,0.2764681428642486
5,12,Clock,5,7,0,0,37.99537,0.27818109250111644
5,12,Clock,5,7,0,0,39.00058,0.27992087685544353
5,12,Clock,5,7,0,0,39.99454,0.2816477149703535
5,12,Clock,5,7,0,0,41.00016,0.28340138091302325
5,12,Clock,5,7,0,0,41.99364,0.2851403451277381
5,12,Clock,5,7,0,0,42.99908,0.2869067566497764
5,12,Clock,5,7,0,0,43.9943,0.28866163859048
5,12,Clock,5,7,0,0,44.9986,0.29043897906762023
5,12,Clock,5,7,0,0,45.99447,0.2922077667523364
5,12,Clock,5,7,0,0,46.99823,0.29399695679987636
5,12,Clock,5,7,0,0,48.00225,0.2957929886321577
5,12,Clock,5,7,0,0,48.99792,0.29758035117780257
5,12,Clock,5,7,0,0,49.99257,0.2993720778166823
5,12,Clock,5,7,0,0,50.99813,0.3011897284863149
5,12,Clock,5,7,0,0,52.00381,0.30301385704198913
5,12,Clock,5,7,0,0,52.99578,0.304819219695826
5,12,Clock,5,7,0,0,54.0017,0.30665612341095805
5,12,Clock,5,7,0,0,54.99515,0.3084762986783481
5,12,Clock,5,7,0,0,56.00211,0.3103273133890969
5,12,Clock,5,7,0,0,56.99607,0.3121604128391048
5,12,Clock,5,7,0,0,58.00155,0.3140207525164724
5,12,Clock,5,7,0,0,58.99435,0.31586352107653026
5,12,Clock,5,7,0,0,60.0008,0.31773754944684085
5,12,Clock,5,7,0,0,60.994,0.31959270977974547
5,12,Clock,5,7,0,0,61.99949,0.32147666277474923
5,12,Clock,5,7,0,0,62.99507,0.3233477957072023
5,12,Clock,5,7,0,0,63.99815,0.3252387514609689
5,12,Clock,5,7,0,0,64.99374,0.3271212318976319
5,12,Clock,5,7,0,0,65.99939,0.32902841513633563
5,12,Clock,5,7,0,0,66.9928,0.3309179237522776
5,12,Clock,5,7,0,0,67.99718,0.33283385926614695
5,12,Clock,5,7,0,0,69.00393,0.3347598834489174
5,12,Clock,5,7,0,0,69.99723,0.3366655859964249
5,12,Clock,5,7,0,0,71.00259,0.33859984001746996
5,12,Clock,5,7,0,0,71.99445,0.3405134420189218
5,12,Clock,5,7,0,0,73.00022,0.3424591881111211
5,12,Clock,5,7,0,0,73.99709,0.34439296611302356
5,12,Clock,5,7,0,0,75.00314,0.34634978790329324
5,12,Clock,5,7,0,0,75.99519,0.3482844824909598
5,12,Clock,5,7,0,0,76.99998,0.35024912331810476
5,12,Clock,5,7,0,0,77.99554,0.3522007518541213
5,12,Clock,5,7,0,0,79.00001,0.35417486290626504
5,12,Clock,5,7,0,0,79.99461,0.356134495028053
5,12,Clock,5,7,0,0,81.00056,0.3581213777750634
5,12,Clock,5,7,0,0,82.00359,0.3601073831903359
5,12,Clock,5,7,0,0,82.99943,0.3620838775489054
5,12,Clock,5,7,0,0,83.99486,0.36406424267672655
5,12,Clock,5,7,0,0,85.00007,0.36606875060950655
5,12,Clock,5,7,0,0,86.00393,0.36807520501374463
5,12,Clock,5,7,0,0,86.99812,0.3700668502444608
5,12,Clock,5,7,0,0,87.99282,0.37206393920333963
5,12,Clock,5,7,0,0,88.99699,0.37408447766086694
5,12,Clock,5,7,0,0,90.00186,0.37611084897094926
5,12,Clock,5,7,0,0,90.99645,0.37812076024057467
5,12,Clock,5,7,0,0,92.00201,0.38015709276713744
5,12,Clock,5,7,0,0,92.99689,0.3821759703092783
5,12,Clock,5,7,0,0,94.00135,0.3842184281845412
5,12,Clock,5,7,0,0,94.9968,0.3862466010469996
5,12,Clock,5,7,0,0,96.00082,0.3882962211383853
5,12,Clock,5,7,0,0,96.99449,0.3903286355178895
5,12,Clock,5,7,0,0,98.00054,0.39239024663057187
5,12,Clock,5,7,0,0,98.99588,0.3944336901135828
5,12,Clock,5,7,0,0,100.0011,0.396501170214095
5,12,Clock,5,7,0,0,100.9948,0.3985485969003832
5,12,Clock,5,7,0,0,101.9992,0.40062169019182586
5,12,Clock,5,7,0,0,103.0026,0.4026962787573587
5,12,Clock,5,7,0,0,103.9996,0.4047610876541288
5,12,Clock,5,7,0,0,104.9937,0.40682323799522635
5,12,Clock,5,7,0,0,105.999,0.4089119820407904
5,12,Clock,5,7,0,0,106.9934,0.41098131427997725
5,12,Clock,5,7,0,0,107.9972,0.41307340535508885
5,12,Clock,5,7,0,0,109.0041,0.4151751100090902
5,12,Clock,5,7,0,0,109.9973,0.4172512578643567
5,12,Clock,5,7,0,0,111.0035,0.41935757695675946
5,12,Clock,5,7,0,0,111.9956,0.42143724739620936
5,12,Clock,5,7,0,0,113.0022,0.4235501725832604
5,12,Clock,5,7,0,0,113.9961,0.4256391964732208
5,12,Clock,5,7,0,0,115.0029,0.4277580305922256
5,12,Clock,5,7,0,0,115.9965,0.42985168898503945
5,12,Clock,5,7,0,0,117.001,0.4319708738835262
5,12,Clock,5,7,0,0,117.9928,0.4340657058969034
5,12,Clock,5,7,0,0,119.0004,0.43619632557074056
5,12,Clock,5,7,0,0,119.9944,0.4383005075904369
5,12,Clock,5,7,0,0,120.9998,0.4404310780788792
5,12,Clock,5,7,0,0,121.9927,0.4425373059525975
5,12,Clock,5,7,0,0,122.9995,0.4446751333816895
5,12,Clock,5,7,0,0,123.9934,0.4467875934309673
5,12,Clock,5,7,0,0,124.9973,0.44892324800987427
5,12,Clock,5,7,0,0,125.9932,0.45104375580621947
5,12,Clock,5,7,0,0,126.9995,0.4531881962412819
5,12,Clock,5,7,0,0,127.9935,0.45530815170071587
5,12,Clock,5,7,0,0,128.9974,0.45745087270119617
5,12,Clock,5,7,0,0,129.9926,0.4595765524737105
5,12,Clock,5,7,0,0,130.9946,0.4617182550768615
5,12,Clock,5,7,0,0,132.0014,0.4638716553110258
5,12,Clock,5,7,0,0,132.9977,0.46600389658219654
5,12,Clock,5,7,0,0,134.0006,0.46815153330006004
5,12,Clock,5,7,0,0,134.9947,0.4702815142284624
5,12,Clock,5,7,0,0,135.9991,0.47243463015690307
5,12,Clock,5,7,0,0,136.9946,0.47456968861323556
5,12,Clock,5,7,0,0,138.0004,0.47672778133936083
5,12,Clock,5,7,0,0,138.9938,0.4788601428062518
5,12,Clock,5,7,0,0,139.9987,0.4810179511500655
5,12,Clock,5,7,0,0,141.0029,0.483174959895116
5,12,Clock,5,7,0,0,141.998,0.4853130531488742
5,12,Clock,5,7,0,0,143.0033,0.48747359272455576
5,12,Clock,5,7,0,0,143.9993,0.48961462295683267
5,12,Clock,5,7,0,0,144.9935,0.49175216281136985
5,12,Clock,5,7,0,0,145.9986,0.49391343279207334
5,12,Clock,5,7,0,0,146.9928,0.4960514997229668
5,12,Clock,5,7,0,0,147.9981,0.4982135694035611
5,12,Clock,5,7,0,0,149.0022,0.5003731460954063
5,12,Clock,5,7,0,0,149.9987,0.5025163659490682
5,12,Clock,5,7,0,0,151.0019,0.5046738991545814
5,12,Clock,5,7,0,0,151.9956,0.506810816534936
5,12,Clock,5,7,0,0,153.0024,0.5089756338347462
5,12,Clock,5,7,0,0,153.9956,0.5111109210656397
5,12,Clock,5,7,0,0,155.0018,0.5132737113188747
5,12,Clock,5,7,0,0,155.9956,0.515409381805569
5,12,Clock,5,7,0,0,156.9987,0.5175644511257148
5,12,Clock,5,7,0,0,157.9938,0.5197016973616514
5,12,Clock,5,7,0,0,158.9985,0.5218588258376667
5,12,Clock,5,7,0,0,159.9931,0.523993463954009
5,12,Clock,5,7,0,0,160.9992,0.5261519028619427
5,12,Clock,5,7,0,0,162.0035,0.5283054720173219
5,12,Clock,5,7,0,0,162.9995,0.530440234044508
5,12,Clock,5,7,0,0,163.9937,0.532570026661262
5,12,Clock,5,7,0,0,164.9992,0.5347228338915873
5,12,Clock,5,7,0,0,166.0039,0.5368726183632065
5,12,Clock,5,7,0,0,166.9984,0.5389992114224249
5,12,Clock,5,7,0,0,167.9929,0.5411244184284516
5,12,Clock,5,7,0,0,168.997,0.5432685858556795
5,12,Clock,5,7,0,0,170.0035,0.5454162935288195
5,12,Clock,5,7,0,0,170.9975,0.547535677856178
5,12,Clock,5,7,0,0,172.001,0.5496735837041669
5,12,Clock,5,7,0,0,172.9949,0.5517892032999951
5,12,Clock,5,7,0,0,174.0025,0.5539320778534484
5,12,Clock,5,7,0,0,174.9966,0.556044270962514
5,12,Clock,5,7,0,0,176.0022,0.5581788501360444
5,12,Clock,5,7,0,0,176.9957,0.5602856355318865
5,12,Clock,5,7,0,0,178.0007,0.5624146102372739
5,12,Clock,5,7,0,0,178.996,0.5645207638890303
5,12,Clock,5,7,0,0,180.0002,0.566643384738364
5,12,Clock,5,7,0,0,180.9951,0.5687439546317107
5,12,Clock,5,7,0,0,181.9999,0.5708628930724116
5,12,Clock,5,7,0,0,182.9938,0.5729563363284829
5,12,Clock,5,7,0,0,183.9994,0.5750717413743947
5,12,Clock,5,7,0,0,184.9946,0.5771625518442697
5,12,Clock,5,7,0,0,185.9985,0.5792688697655873
5,12,Clock,5,7,0,0,187.0036,0.5813747976388175
5,12,Clock,5,7,0,0,187.9986,0.5834566439469238
5,12,Clock,5,7,0,0,188.994,0.5855363780644759
5,12,Clock,5,7,0,0,189.9969,0.5876286864177586
5,12,Clock,5,7,0,0,191.0028,0.5897240903305649
5,12,Clock,5,7,0,0,191.9973,0.5917925225503383
5,12,Clock,5,7,0,0,193.0028,0.5938805679006669
5,12,Clock,5,7,0,0,193.9961,0.5959399055214967
5,12,Clock,5,7,0,0,195.0002,0.5980182432355895
5,12,Clock,5,7,0,0,195.9969,0.6000777854876252
5,12,Clock,5,7,0,0,197.0008,0.6021486082626549
5,12,Clock,5,7,0,0,197.996,0.6041979181914232
5,12,Clock,5,7,0,0,199.0008,0.606263253880791
5,12,Clock,5,7,0,0,199.9948,0.608302685326005
5,12,Clock,5,7,0,0,201.001,0.6103633181983203
5,12,Clock,5,7,0,0,201.9949,0.6123948720575018
5,12,Clock,5,7,0,0,202.9978,0.6144408733046893
5,12,Clock,5,7,0,0,203.994,0.6164692129009068
5,12,Clock,5,7,0,0,204.9967,0.6185067024337708
5,12,Clock,5,7,0,0,205.9934,0.6205278516777104
5,12,Clock,5,7,0,0,207.0,0.6225648777420937
5,12,Clock,5,7,0,0,208.0029,0.6245901046679065
5,12,Clock,5,7,0,0,208.9988,0.6265968845701403
5,12,Clock,5,7,0,0,210.0011,0.6286121875707811
5,12,Clock,5,7,0,0,210.9983,0.6306128124418029
5,12,Clock,5,7,0,0,212.0021,0.6326221388548783
5,12,Clock,5,7,0,0,212.9966,0.6346083002352493
5,12,Clock,5,7,0,0,214.0021,0.636611818151125
5,12,Clock,5,7,0,0,214.9953,0.638586157285051
5,12,Clock,5,7,0,0,216.0009,0.6405803983472874
5,12,Clock,5,7,0,0,216.996,0.6425490513293813
5,12,Clock,5,7,0,0,218.0005,0.6445314322035964
5,12,Clock,5,7,1,1,218.9956,0.646490386932593
5,12,Clock,5,7,1,1,219.9999,0.6484624492423949
5,12,Clock,5,7,1,1,220.9944,0.6504103265091618
5,12,Clock,5,7,1,1,221.9987,0.6523723095850087
5,12,Clock,5,7,1,1,223.0024,0.6543279459139527
5,12,Clock,5,7,1,1,223.999,0.6562646074260219
5,12,Clock,5,7,1,1,224.994,0.6581930151252123
5,12,Clock,5,7,1,1,225.9992,0.6601358812121889
5,12,Clock,5,7,1,1,226.9933,0.6620519922419963
5,12,Clock,5,7,1,1,227.9978,0.6639827742647234
5,12,Clock,5,7,1,1,228.9928,0.6658898971260413
5,12,Clock,5,7,1,1,229.9977,0.6678105114036473
5,12,Clock,5,7,1,1,231.0025,0.6697253869104004
5,12,Clock,5,7,1,1,231.9957,0.6716126197945789
5,12,Clock,5,7,1,1,233.0028,0.6735206519761937
5,12,Clock,5,7,1,1,233.996,0.6753967093228872
5,12,Clock,5,7,1,1,235.002,0.6772912247977659
5,12,Clock,5,7,1,1,235.9946,0.679154821072025
5,12,Clock,5,7,1,1,237.0005,0.6810375900621515
5,12,Clock,5,7,1,1,237.9957,0.6828945136603009
5,12,Clock,5,7,1,1,238.9999,0.6847623498249917
5,12,Clock,5,7,1,1,239.9937,0.6866049969087678
5,12,Clock,5,7,1,1,240.9994,0.6884637353915006
5,12,Clock,5,7,1,1,241.9947,0.6902972825723864
5,12,Clock,5,7,1,1,242.9996,0.6921424585913762
5,12,Clock,5,7,1,1,243.9935,0.6939614141106888
5,12,Clock,5,7,1,1,244.9977,0.695793101923095
5,12,Clock,5,7,1,1,246.0013,0.697617523742502
5,12,Clock,5,7,1,1,246.9993,0.6994256023660771
5,12,Clock,5,7,1,1,247.9925,0.7012188365706059
5,12,Clock,5,7,1,1,248.9948,0.7030222774874402
5,12,Clock,5,7,1,1,250.0025,0.704829083148801
5,12,Clock,5,7,1,1,250.998,0.7066077124060464
5,12,Clock,5,7,1,1,252.0027,0.7083964102042066
5,12,Clock,5,7,1,1,252.9959,0.7101583030413944
5,12,Clock,5,7,1,1,254.0011,0.7119350674425021
5,12,Clock,5,7,1,1,254.9948,0.7136851062092849
5,12,Clock,5,7,1,1,256.0013,0.7154512119279495
5,12,Clock,5,7,1,1,256.994,0.7171865912147868
5,12,Clock,5,7,1,1,258.0011,0.7189406387111712
5,12,Clock,5,7,1,1,258.9933,0.720662200212511
5,12,Clock,5,7,1,1,259.9996,0.7224016662384971
5,12,Clock,5,7,1,1,260.9945,0.7241148313066781
5,12,Clock,5,7,1,1,262.0007,0.7258407675854013
5,12,Clock,5,7,1,1,262.9942,0.7275383194711067
5,12,Clock,5,7,1,1,263.9989,0.7292483063874414
5,12,Clock,5,7,1,1,265.0031,0.7309507039607576
5,12,Clock,5,7,1,1,265.9983,0.7326310993739727
5,12,Clock,5,7,1,1,267.0032,0.734321154186644
5,12,Clock,5,7,1,1,267.9985,0.7359883062245977
5,12,Clock,5,7,1,1,269.0014,0.7376613854074141
5,12,Clock,5,7,1,1,269.9975,0.7393163337512624
5,12,Clock,5,7,1,1,271.003,0.7409800283887464
5,12,Clock,5,7,1,1,271.9947,0.7426141197287334
5,12,Clock,5,7,1,1,273.0017,0.7442665465120479
5,12,Clock,5,7,1,1,273.9952,0.7458899505006817
5,12,Clock,5,7,1,1,275.0027,0.7475292396101524
5,12,Clock,5,7,1,1,275.9961,0.7491387649407557
5,12,Clock,5,7,1,1,276.9996,0.7507577123001391
5,12,Clock,5,7,1,1,277.9951,0.7523568006001169
5,12,Clock,5,7,1,1,278.9993,0.7539629210637098
5,12,Clock,5,7,1,1,279.9949,0.755548335122858
5,12,Clock,5,7,1,1,280.9994,0.7571408726145997
5,12,Clock,5,7,1,1,282.0031,0.7587251467075838
5,12,Clock,5,7,1,1,282.9984,0.7602891518320587
5,12,Clock,5,7,1,1,283.9934,0.7618457245984102
5,12,Clock,5,7,1,1,284.9965,0.7634079016675528
5,12,Clock,5,7,1,1,285.9926,0.7649522302889707
5,12,Clock,5,7,1,1,286.9979,0.7665036588454489
5,12,Clock,5,7,1,1,288.0005,0.7680438363160177
5,12,Clock,5,7,1,1,288.9972,0.7695679230646354
5,12,Clock,5,7,1,1,289.9999,0.7710941096947675
5,12,Clock,5,7,1,1,290.9973,0.7726051491453282
5,12,Clock,5,7,1,1,292.0016,0.7741194655137009
5,12,Clock,5,7,1,1,292.9963,0.7756123246351302
5,12,Clock,5,7,1,1,294.0009,0.7771128470016088
5,12,Clock,5,7,1,1,294.9931,0.7785878697383227
5,12,Clock,5,7,1,1,296.0004,0.7800781448617464
5,12,Clock,5,7,1,1,296.9958,0.7815437222739328
5,12,Clock,5,7,1,1,297.9999,0.7830150076262592
5,12,Clock,5,7,1,1,298.994,0.7844645122962667
5,12,Clock,5,7,1,1,299.9984,0.7859219563989578
5,12,Clock,5,7,1,1,300.9926,0.7873574914812601
5,12,Clock,5,7,1,1,301.9978,0.7888017334939419
5,12,Clock,12,18,0,0,0.0,0.2174860403946488
5,12,Clock,12,18,0,0,1.008357,0.21896600715134326
5,12,Clock,12,18,0,0,2.00824,0.22044067927504024
5,12,Clock,12,18,0,0,3.008948,0.22192368675440122
5,12,Clock,12,18,0,0,3.999748,0.22339902296092062
5,12,Clock,12,18,0,0,4.999649,0.22489498070329916
5,12,Clock,12,18,0,0,6.000401,0.2263993176898585
5,12,Clock,12,18,0,0,6.999671,0.2279085149524712
5,12,Clock,12,18,0,0,8.000978,0.22942788798375316
5,12,Clock,12,18,0,0,9.002599,0.2309548381464438
5,12,Clock,12,18,0,0,10.0028,0.2324867063250079
5,12,Clock,12,18,0,0,11.00139,0.23402315907418125
5,12,Clock,12,18,0,0,12.00211,0.23556994701209422
5,12,Clock,12,18,0,0,13.00259,0.23712342256755137
5,12,Clock,12,18,0,0,14.00278,0.2386834891590525
5,12,Clock,12,18,0,0,15.00179,0.2402487347747229
5,12,Clock,12,18,0,0,16.00156,0.24182218348172832
5,12,Clock,12,18,0,0,17.0027,0.24340480689555788
5,12,Clock,12,18,0,0,18.00079,0.2449895847043729
5,12,Clock,12,18,0,0,19.00123,0.24658507672329907
5,12,Clock,12,18,0,0,20.00084,0.2481862088296443
5,12,Clock,12,18,0,0,21.00071,0.2497947117627729
5,12,Clock,12,18,0,0,22.00156,0.25141174071367683
5,12,Clock,12,18,0,0,23.00053,0.2530326487413189
5,12,Clock,12,18,0,0,24.00102,0.2546629343587345
5,12,Clock,12,18,0,0,25.00209,0.2563010706003275
5,12,Clock,12,18,0,0,26.0016,0.25794352827580724
5,12,Clock,12,18,0,0,27.00249,0.25959511764197174
5,12,Clock,12,18,0,0,28.0012,0.2612499422651049
5,12,Clock,12,18,0,0,29.00121,0.26291373546945496
5,12,Clock,12,18,0,0,30.00123,0.2645843488676498
5,12,Clock,12,18,0,0,31.00164,0.26626239701775045
5,12,Clock,12,18,0,0,32.00216,0.2679473935731711
5,12,Clock,12,18,0,0,33.00088,0.2696360907047288
5,12,Clock,12,18,0,0,34.00269,0.2713367351026424
5,12,Clock,12,18,0,0,35.00294,0.2730414380640807
5,12,Clock,12,18,0,0,36.00311,0.2747526687911596
5,12,Clock,12,18,0,0,37.00309,0.2764702238749135
5,12,Clock,12,18,0,0,38.00405,0.27819609095859255
5,12,Clock,12,18,0,0,39.00333,0.27992564626169575
5,12,Clock,12,18,0,0,40.00485,0.2816656560570036
5,12,Clock,12,18,0,0,41.00397,0.2834080391275183
5,12,Clock,12,18,0,0,42.00266,0.28515615926303595
5,12,Clock,12,18,0,0,43.00225,0.2869123362351323
5,12,Clock,12,18,0,0,44.00298,0.28867696939114446
5,12,Clock,12,18,0,0,45.00437,0.2904492119829122
5,12,Clock,12,18,0,0,46.00364,0.2922240841317274
5,12,Clock,12,18,0,0,47.00359,0.29400652744334904
5,12,Clock,12,18,0,0,48.0054,0.29579863516621846
5,12,Clock,12,18,0,0,49.00593,0.29759475698298776
5,12,Clock,12,18,0,0,50.00617,0.299396618109554
5,12,Clock,12,18,0,0,51.00528,0.30120267299627684
5,12,Clock,12,18,0,0,52.00639,0.30301854244020543
5,12,Clock,12,18,1,1,53.00624,0.30483828863187856
5,12,Clock,12,18,1,1,54.00494,0.3066620475007976
5,12,Clock,12,18,1,1,55.00533,0.30849497680257726
5,12,Clock,12,18,1,1,56.00521,0.3103330237959582
5,12,Clock,12,18,1,1,57.00574,0.3121782761116481
5,12,Clock,12,18,1,1,58.0062,0.3140293701405449
5,12,Clock,12,18,1,1,59.00651,0.3158861300154319
5,12,Clock,12,18,1,1,60.0065,0.31774817828442065
5,12,Clock,12,18,1,1,61.00676,0.3196165813960683
5,12,Clock,12,18,1,1,62.00747,0.32149163866071306
5,12,Clock,12,18,1,1,63.00783,0.3233718145030015
5,12,Clock,12,18,1,1,64.00652,0.32525456043517187
5,12,Clock,12,18,1,1,65.00637,0.3271451570838674
5,12,Clock,12,18,1,1,66.00661,0.32904212315089776
5,12,Clock,12,18,1,1,67.00733,0.33094560879029206
5,12,Clock,12,18,1,1,68.0062,0.33285110148511077
5,12,Clock,12,18,1,1,69.00656,0.3347649262731994
5,12,Clock,12,18,1,1,70.00576,0.33668197375431885
5,12,Clock,12,18,1,1,71.007,0.3386083508794578
5,12,Clock,12,18,1,1,72.00552,0.3405348292958911
5,12,Clock,12,18,1,1,73.00641,0.34247117474688626
5,12,Clock,12,18,1,1,74.00616,0.34441057211975346
5,12,Clock,12,18,1,1,75.00674,0.3463567867193383
5,12,Clock,12,18,1,1,76.00529,0.348304193053939
5,12,Clock,12,18,1,1,77.00492,0.3502588025964577
5,12,Clock,12,18,1,1,78.00499,0.3522193063227283
5,12,Clock,12,18,1,1,79.00438,0.3541834655306221
5,12,Clock,12,18,1,1,80.00517,0.3561553251705817
5,12,Clock,12,18,1,1,81.00525,0.3581306567935013
5,12,Clock,12,18,1,1,82.00571,0.3601115726814623
5,12,Clock,12,18,1,1,83.0059,0.36209673376691065
5,12,Clock,12,18,1,1,84.00636,0.36408715872518316
5,12,Clock,12,18,1,1,85.00627,0.36608113400499853
5,12,Clock,12,18,1,1,86.00544,0.3680782278120498
5,12,Clock,12,18,1,1,87.00535,0.370081340278636
5,12,Clock,12,18,1,1,88.00661,0.3720916493626318
5,12,Clock,12,18,1,1,89.00671,0.37410405711982064
5,12,Clock,12,18,1,1,90.0069,0.3761210140517966
5,12,Clock,12,18,1,1,91.00655,0.3781411950429683
5,12,Clock,12,18,1,1,92.00586,0.38016490327211144
5,12,Clock,12,18,1,1,93.00626,0.3821950172600525
5,12,Clock,12,18,1,1,94.00586,0.384227605921082
5,12,Clock,12,18,1,1,95.00709,0.38626757566790665
5,12,Clock,12,18,1,1,96.00739,0.3883096597874892
5,12,Clock,12,18,1,1,97.00674,0.39035370512575807
5,12,Clock,12,18,1,1,98.00808,0.39240570786595147
5,12,Clock,12,18,1,1,99.00751,0.3944575828854969
5,12,Clock,12,18,1,1,100.0077,0.3965147558772175
5,12,Clock,12,18,1,1,101.0096,0.39857912012712776
5,12,Clock,12,18,1,1,102.0074,0.4006386331121012
5,12,Clock,12,18,1,1,103.0078,0.40270703011017434
5,12,Clock,12,18,1,1,104.0074,0.4047772492787436
5,12,Clock,12,18,1,1,105.0075,0.40685189128742183
5,12,Clock,12,18,1,1,106.0091,0.40893298665412775
5,12,Clock,12,18,1,1,107.0098,0.41101547573343156
5,12,Clock,12,18,1,2,108.0099,0.41309990076622477
5,12,Clock,12,18,1,2,109.0091,0.4151855645233429
5,12,Clock,12,18,1,2,110.0078,0.41727321835075504
5,12,Clock,12,18,1,2,111.0087,0.4193684608233826
5,12,Clock,12,18,1,2,112.0099,0.4214672549182829
5,12,Clock,12,18,1,2,113.0093,0.42356509225825034
5,12,Clock,12,18,1,2,114.009,0.4256663305392145
5,12,Clock,12,18,1,2,115.0081,0.4277689879270751
5,12,Clock,12,18,1,2,116.0078,0.42987551249655337
5,12,Clock,12,18,1,2,117.0074,0.4319843862039124
5,12,Clock,12,18,1,2,118.0071,0.43409593794422546
5,12,Clock,12,18,1,2,119.0083,0.4362130485180184
5,12,Clock,12,18,1,2,120.009,0.4383314363555606
5,12,Clock,12,18,1,2,120.9984,0.44042810168550267
5,12,Clock,12,18,1,2,122.0074,0.442568508628758
5,12,Clock,12,18,1,2,123.0077,0.4446925571224461
5,12,Clock,12,18,1,2,123.9986,0.4467986413997215
5,12,Clock,12,18,1,2,125.0092,0.44894857900970836
5,12,Clock,12,18,1,2,125.9986,0.4510552457546888
5,12,Clock,12,18,1,2,126.9988,0.4531867161141564
5,12,Clock,12,18,1,2,127.9989,0.45531967645666793
5,12,Clock,12,18,1,2,128.9988,0.45745383750811003
5,12,Clock,12,18,1,2,129.9991,0.45959044156713846
5,12,Clock,12,18,1,2,130.9994,0.4617285321443965
5,12,Clock,12,18,1,2,131.999,0.46386649715305944
5,12,Clock,12,18,1,2,132.9998,0.4660084045235972
5,12,Clock,12,18,1,2,133.9993,0.46814875509431514
5,12,Clock,12,18,1,2,134.9985,0.47028965703427034
5,12,Clock,12,18,1,2,135.9998,0.47243613519391614
5,12,Clock,12,18,1,2,136.9992,0.47457957400241035
5,12,Clock,12,18,1,2,137.9989,0.47672457214990344
5,12,Clock,12,18,1,2,138.9988,0.4788708550981699
5,12,Clock,12,18,1,2,139.9986,0.48101772175560575
5,12,Clock,12,18,1,2,140.9988,0.48316614187144713
5,12,Clock,12,18,1,2,141.9991,0.48531541400192263
5,12,Clock,12,18,1,2,142.9998,0.4874660821366818
5,12,Clock,12,18,1,2,143.9999,0.4896159023042748
5,12,Clock,12,18,1,2,145.0001,0.4917663691181782
5,12,Clock,12,18,1,2,146.001,0.4939186172584428
5,12,Clock,12,18,1,2,147.0007,0.4960684983588895
5,12,Clock,12,18,1,2,148.0004,0.49821852484900675
5,12,Clock,12,18,1,2,149.001,0.5003705862977145
5,12,Clock,12,18,1,2,150.0006,0.5025204352700521
5,12,Clock,12,18,1,2,151.0011,0.5046721599558359
5,12,Clock,12,18,1,2,152.0004,0.5068211194522976
5,12,Clock,12,18,1,2,153.001,0.5089726483645056
5,12,Clock,12,18,1,2,154.0011,0.5111227296827571
5,12,Clock,12,18,1,2,155.0003,0.5132704974271101
5,12,Clock,12,18,1,2,156.001,0.515420988312748
5,12,Clock,12,18,1,2,156.9993,0.5175657294457068
5,12,Clock,12,18,1,2,157.9988,0.5197124121561097
5,12,Clock,12,18,1,2,159.0003,0.5218626909516751
5,12,Clock,12,18,1,2,160.0008,0.5240099660802356
5,12,Clock,12,18,1,2,160.9996,0.5261527537939653
5,12,Clock,12,18,1,2,162.0001,0.528298209778082
5,12,Clock,12,18,1,2,163.0001,0.5304415418962929
5,12,Clock,12,18,1,2,164.0005,0.5325846013262335
5,12,Clock,12,18,1,2,165.0004,0.5347253813446442
5,12,Clock,12,18,1,2,166.0017,0.5368678856379642
5,12,Clock,12,18,1,2,167.0011,0.5390049848529341
5,12,Clock,12,18,1,2,168.0008,0.5411412704762703
5,12,Clock,12,18,1,2,168.9998,0.5432745791294646
5,12,Clock,12,18,1,2,170.0002,0.5454092633308404
5,12,Clock,12,18,1,2,170.9997,0.5475403609206524
5,12,Clock,12,18,1,2,172.0014,0.5496744285487736
5,12,Clock,12,18,1,2,173.0018,0.5518038778193181
5,12,Clock,12,18,1,2,174.0013,0.5539295153992297
5,12,Clock,12,18,1,2,175.0014,0.5560544787085028
5,12,Clock,12,18,1,2,176.0028,0.5581801450801077
5,12,Clock,12,18,1,2,177.0029,0.5603009003554807
5,12,Clock,12,18,1,2,178.0038,0.5624211684574791
5,12,Clock,12,18,1,2,179.0038,0.5645372545348929
5,12,Clock,12,18,1,2,180.0031,0.5666495093619788
5,12,Clock,12,18,1,2,181.0029,0.5687604075203724
5,12,Clock,12,18,1,2,182.0026,0.5708685851617322
5,12,Clock,12,18,1,2,183.0027,0.5729750617330999
5,12,Clock,12,18,1,2,184.0022,0.5750776116598358
5,12,Clock,12,18,1,2,185.0028,0.5771797872999048
5,12,Clock,12,18,1,2,186.0024,0.579277027980408
5,12,Clock,12,18,1,2,187.0021,0.581371666665445
5,12,Clock,12,18,1,2,188.0025,0.583464811252797
5,12,Clock,12,18,1,3,189.0021,0.5855532942914391
5,12,Clock,12,18,1,3,190.0029,0.587641187663542
5,12,Clock,12,18,1,3,191.0034,0.5897253290146729
5,12,Clock,12,18,1,3,192.002,0.5918022897666457
5,12,Clock,12,18,1,3,193.0013,0.5938774334612378
5,12,Clock,12,18,1,3,194.0016,0.5959513165536241
5,12,Clock,12,18,1,3,195.0015,0.5980209255550434
5,12,Clock,12,18,1,3,196.0016,0.6000874884268129
5,12,Clock,12,18,1,3,197.0011,0.6021492372265553
5,12,Clock,12,18,1,3,198.0019,0.6042100670992384
5,12,Clock,12,18,1,3,199.0027,0.6062671708280305
5,12,Clock,12,18,1,3,200.0016,0.6083166353098494
5,12,Clock,12,18,1,3,201.0032,0.6103678137305913
5,12,Clock,12,18,1,1,202.0032,0.6124118227617007
5,12,Clock,12,18,1,1,203.0031,0.6144516645003846
5,12,Clock,12,18,1,1,204.0051,0.616491776713261
5,12,Clock,12,18,1,1,205.0046,0.6185227160584136
5,12,Clock,12,18,1,1,206.0048,0.620550972800218
5,12,Clock,12,18,1,1,207.0044,0.6225737613355281
5,12,Clock,12,18,1,1,208.0034,0.6245911204154783
5,12,Clock,12,18,1,1,209.0041,0.6266075730064219
5,12,Clock,12,18,1,1,210.0043,0.6286186233253178
5,12,Clock,12,18,1,1,211.0044,0.6306250131717458
5,12,Clock,12,18,1,1,212.0051,0.6326281186076519
5,12,Clock,12,18,1,1,213.0056,0.6346262592778851
5,12,Clock,12,18,1,1,214.004,0.6366155837797537
5,12,Clock,12,18,1,1,215.0044,0.6386042139319476
5,12,Clock,12,18,1,1,216.0038,0.6405861408175367
5,12,Clock,12,18,1,1,217.0047,0.6425662369110481
5,12,Clock,12,18,1,1,218.0059,0.64454207895033
5,12,Clock,12,18,1,1,219.0059,0.6465106372906657
5,12,Clock,12,18,1,1,220.0052,0.6484728629199276
5,12,Clock,12,18,1,1,221.0061,0.6504332196870051
5,12,Clock,12,18,1,1,222.0059,0.6523863609673819
5,12,Clock,12,18,1,1,223.0056,0.6543341810862449
5,12,Clock,12,18,1,1,224.0057,0.6562776367914039
5,12,Clock,12,18,1,1,225.0056,0.6582154597429036
5,12,Clock,12,18,1,1,226.0055,0.660148015195186
5,12,Clock,12,18,1,1,227.0059,0.662076251955914
5,12,Clock,12,18,1,1,228.005,0.6639965980574157
5,12,Clock,12,18,1,1,229.0065,0.6659161230712384
5,12,Clock,12,18,1,1,230.0075,0.6678292361192317
5,12,Clock,12,18,1,1,231.0063,0.6697326169414762
5,12,Clock,12,18,1,1,232.0068,0.6716336964082714
5,12,Clock,12,18,1,1,233.0066,0.673527839425378
5,12,Clock,12,18,1,1,234.0066,0.6754167107500599
5,12,Clock,12,18,1,1,235.0065,0.6772996888148258
5,12,Clock,12,18,1,1,236.0055,0.6791752443992981
5,12,Clock,12,18,1,1,237.0056,0.6810471141825987
5,12,Clock,12,18,1,1,238.0052,0.6829122233194292
5,12,Clock,12,18,1,1,239.0056,0.6847729476535533
5,12,Clock,12,18,1,1,240.0051,0.6866260969329956
5,12,Clock,12,18,1,1,241.0055,0.6884749692657403
5,12,Clock,12,18,1,1,242.0062,0.6903184145070087
5,12,Clock,12,18,1,2,243.0076,0.6921571154907717
5,12,Clock,12,18,1,2,244.0073,0.6939866164709646
5,12,Clock,12,18,1,2,245.0063,0.6958087727984711
5,12,Clock,12,18,1,2,246.0071,0.6976280463794796
5,12,Clock,12,18,1,2,247.0066,0.6994388212518675
5,12,Clock,12,18,1,2,248.0063,0.701243726075458
5,12,Clock,12,18,1,2,249.0063,0.7030429420801565
5,12,Clock,12,18,1,2,250.0067,0.7048365934634899
5,12,Clock,12,18,1,2,251.0069,0.7066235781348382
5,12,Clock,12,18,1,2,252.0063,0.7084028097579245
5,12,Clock,12,18,1,2,253.0062,0.7101765412840713
5,12,Clock,12,18,1,2,254.007,0.7119454860179038
5,12,Clock,12,18,1,3,255.0065,0.7137056796943475
5,12,Clock,12,18,1,3,256.0077,0.7154623825969484
5,12,Clock,12,18,1,3,257.0081,0.7172111928491497
5,12,Clock,12,18,1,3,258.0063,0.7189496572677304
5,12,Clock,12,18,1,3,259.008,0.7206876742409695
5,12,Clock,12,18,1,3,260.007,0.7224144073140434
5,12,Clock,12,18,1,3,261.0075,0.724137174013004
5,12,Clock,12,18,1,3,262.0077,0.7258527315490734
5,12,Clock,12,18,1,3,263.0085,0.72756272696817
5,12,Clock,12,18,1,3,264.0075,0.7292629244432534
5,12,Clock,12,18,1,3,265.0075,0.7309581389426727
5,12,Clock,12,18,1,3,266.0073,0.7326462702863149
5,12,Clock,12,18,1,3,267.0079,0.7343290420774387
5,12,Clock,12,18,1,3,268.0078,0.736003865414356
5,12,Clock,12,18,1,3,269.0071,0.7376708861396285
5,12,Clock,12,18,1,3,270.0084,0.7393343973327884
5,12,Clock,12,18,1,3,271.0077,0.740987788313519
5,12,Clock,12,18,1,3,272.0077,0.7426354967408308
5,12,Clock,12,18,1,3,273.0062,0.7442738921674394
5,12,Clock,12,18,1,3,274.0075,0.7459100040666693
5,12,Clock,12,18,1,3,275.0082,0.747538207990262
5,12,Clock,12,18,1,3,276.0084,0.7491586483427153
5,12,Clock,12,18,1,3,277.008,0.7507712220600105
5,12,Clock,12,18,1,3,278.0078,0.7523771980361916
5,12,Clock,12,18,1,3,279.0087,0.7539779211451088
5,12,Clock,12,18,1,3,279.9987,0.7555543478928649
5,12,Clock,12,18,1,3,280.9984,0.7571393277753122
5,12,Clock,12,18,1,3,282.0078,0.758732548109427
5,12,Clock,12,18,1,3,283.0088,0.7603054199224271
5,12,Clock,12,18,1,3,284.0084,0.7618691126216816
5,12,Clock,12,18,1,3,285.0089,0.7634272009134492
5,12,Clock,12,18,1,3,286.0092,0.7649778618550694
5,12,Clock,12,18,1,3,287.0081,0.7665193527821612
5,12,Clock,12,18,1,3,288.0087,0.7680564179559383
5,12,Clock,12,18,1,3,289.0087,0.7695854748347274
5,12,Clock,12,18,1,3,290.0087,0.7711074556359637
5,12,Clock,12,18,1,3,290.9989,0.772607547653594
5,12,Clock,12,18,1,3,291.9995,0.7741163437566557
5,12,Clock,12,18,1,3,293.0102,0.7756331140404337
5,12,Clock,12,18,1,3,293.9985,0.7771092999503837
5,12,Clock,12,18,1,3,295.0103,0.7786133950761931
5,12,Clock,12,18,1,3,296.0102,0.7800926026729676
5,12,Clock,12,18,1,3,297.0093,0.7815635790428104
5,12,Clock,12,18,1,3,297.9989,0.783013535598311
5,12,Clock,12,18,1,3,298.9991,0.7844719698636905
5,12,Clock,12,18,1,3,299.9987,0.7859223539519558
5,12,Clock,12,18,1,3,300.9995,0.787367425485771
5,12,Clock,12,18,1,3,302.0092,0.7888180473273143
5,12,RF time only,5,7,0,0,0.0,0.0
5,12,RF time only,5,7,0,0,0.9979449,0.0
5,12,RF time only,5,7,0,0,1.994617,0.0
5,12,RF time only,5,7,0,0,3.0001,0.0
5,12,RF time only,5,7,0,0,3.992538,0.0
5,12,RF time only,5,7,0,0,4.998353,0.0
5,12,RF time only,5,7,0,0,5.994089,0.0
5,12,RF time only,5,7,0,0,6.999735,0.02857096771562519
5,12,RF time only,5,7,0,0,7.992708,0.012527127177973335
5,12,RF time only,5,7,0,0,8.99801,0.12836993830217097
5,12,RF time only,5,7,0,0,9.992953,0.09779816242748593
5,12,RF time only,5,7,0,0,10.99727,0.0023736111187404704
5,12,RF time only,5,7,0,0,12.00375,0.3371225732835879
5,12,RF time only,5,7,0,0,12.99432,0.004840187368209335
5,12,RF time only,5,7,0,0,14.00173,0.058230140868287705
5,12,RF time only,5,7,0,0,14.99507,0.013760278038232876
5,12,RF time only,5,7,0,0,16.00235,0.0026727426875794826
5,12,RF time only,5,7,0,0,16.9948,0.01952468693474384
5,12,RF time only,5,7,0,0,17.99868,0.0
5,12,RF time only,5,7,0,0,18.99538,0.027118162608587616
5,12,RF time only,5,7,0,0,19.99832,0.011785470394471755
5,12,RF time only,5,7,0,0,20.9952,0.006723493816284204
5,12,RF time only,5,7,0,0,22.00016,0.0
5,12,RF time only,5,7,0,0,22.9937,0.004289468265305824
5,12,RF time only,5,7,0,0,23.99834,0.0
5,12,RF time only,5,7,0,0,24.99279,0.012543621309386185
5,12,RF time only,5,7,0,0,25.99831,0.35018754546740066
5,12,RF time only,5,7,0,0,27.00385,0.4738665225842746
5,12,RF time only,5,7,0,0,27.99797,0.013606940291204364
5,12,RF time only,5,7,0,0,29.00375,0.49438016429313936
5,12,RF time only,5,7,0,0,29.99829,0.0136887626153607
5,12,RF time only,5,7,0,0,31.0024,0.6063400982181996
5,12,RF time only,5,7,0,0,31.99665,0.20770563724048968
5,12,RF time only,5,7,0,0,33.00146,0.001863093279948127
5,12,RF time only,5,7,0,0,33.99636,0.1778190493679369
5,12,RF time only,5,7,0,0,35.00234,0.32979451592700404
5,12,RF time only,5,7,0,0,35.99362,0.5941618489726741
5,12,RF time only,5,7,0,0,37.00188,0.37167414153794187
5,12,RF time only,5,7,0,0,37.99537,0.14422900567471744
5,12,RF time only,5,7,0,0,39.00058,0.10395368857224549
5,12,RF time only,5,7,0,0,39.99454,0.22642648852697347
5,12,RF time only,5,7,0,0,41.00016,0.3153055748618205
5,12,RF time only,5,7,0,0,41.99364,0.4143075098884202
5,12,RF time only,5,7,0,0,42.99908,0.18799269383069744
5,12,RF time only,5,7,0,0,43.9943,0.42704632683973104
5,12,RF time only,5,7,0,0,44.9986,0.39385327237265605
5,12,RF time only,5,7,0,0,45.99447,0.4208577316743025
5,12,RF time only,5,7,0,0,46.99823,0.06369646247539222
5,12,RF time only,5,7,0,0,48.00225,0.007764672871617638
5,12,RF time only,5,7,0,0,48.99792,0.028886914662734502
5,12,RF time only,5,7,0,0,49.99257,0.377306571442559
5,12,RF time only,5,7,0,0,50.99813,0.026452887097232942
5,12,RF time only,5,7,0,0,52.00381,0.6288563531739991
5,12,RF time only,5,7,0,0,52.99578,0.28254489810713174
5,12,RF time only,5,7,0,0,54.0017,0.10882938643202564
5,12,RF time only,5,7,0,0,54.99515,0.11844909559346606
5,12,RF time only,5,7,0,0,56.00211,0.5287497443101039
5,12,RF time only,5,7,0,0,56.99607,0.21998119770938313
5,12,RF time only,5,7,0,0,58.00155,0.21031424221018716
5,12,RF time only,5,7,0,0,58.99435,0.26598763802068226
5,12,RF time only,5,7,0,0,60.0008,0.24942590464774986
5,12,RF time only,5,7,0,0,60.994,0.18924694320769814
5,12,RF time only,5,7,0,0,61.99949,0.41277727372859585
5,12,RF time only,5,7,0,0,62.99507,0.14865117731792343
5,12,RF time only,5,7,0,0,63.99815,0.27643048686174443
5,12,RF time only,5,7,0,0,64.99374,0.7951830494183146
5,12,RF time only,5,7,0,0,65.99939,0.14933860916878358
5,12,RF time only,5,7,0,0,66.9928,0.600495080979606
5,12,RF time only,5,7,0,0,67.99718,0.10324702605670862
5,12,RF time only,5,7,0,0,69.00393,0.11495854363738896
5,12,RF time only,5,7,0,0,69.99723,0.06463506671094615
5,12,RF time only,5,7,0,0,71.00259,0.5179378907093143
5,12,RF time only,5,7,0,0,71.99445,0.38851799563289174
5,12,RF time only,5,7,0,0,73.00022,0.022853561900956363
5,12,RF time only,5,7,0,0,73.99709,0.05002335373627538
5,12,RF time only,5,7,0,0,75.00314,0.37255280205795765
5,12,RF time only,5,7,0,0,75.99519,0.49299921723803836
5,12,RF time only,5,7,0,0,76.99998,0.07653528673661514
5,12,RF time only,5,7,0,0,77.99554,0.36362309503964735
5,12,RF time only,5,7,0,0,79.00001,0.028279856831912233
5,12,RF time only,5,7,0,0,79.99461,0.3784875092334229
5,12,RF time only,5,7,0,0,81.00056,0.1075795847016951
5,12,RF time only,5,7,0,0,82.00359,0.06558465182615635
5,12,RF time only,5,7,0,0,82.99943,0.28420581230547226
5,12,RF time only,5,7,0,0,83.99486,0.832318461319196
5,12,RF time only,5,7,0,0,85.00007,0.6607696277957896
5,12,RF time only,5,7,0,0,86.00393,0.1406546842756235
5,12,RF time only,5,7,0,0,86.99812,0.2572668627676556
5,12,RF time only,5,7,0,0,87.99282,0.9546067549940755
5,12,RF time only,5,7,0,0,88.99699,0.14442908708905555
5,12,RF time only,5,7,0,0,90.00186,0.11730884608480888
5,12,RF time only,5,7,0,0,90.99645,0.13691676862805607
5,12,RF time only,5,7,0,0,92.00201,0.04674883626570641
5,12,RF time only,5,7,0,0,92.99689,0.3324874579610691
5,12,RF time only,5,7,0,0,94.00135,0.23187693571489046
5,12,RF time only,5,7,0,0,94.9968,0.767195850144799
5,12,RF time only,5,7,0,0,96.00082,0.09055181825771529
5,12,RF time only,5,7,0,0,96.99449,0.64917519958408
5,12,RF time only,5,7,0,0,98.00054,0.3979212612908125
5,12,RF time only,5,7,0,0,98.99588,0.4383166635899114
5,12,RF time only,5,7,0,0,100.0011,0.3310457169831603
5,12,RF time only,5,7,0,0,100.9948,0.6742052138867195
5,12,RF time only,5,7,0,0,101.9992,0.5876222679338219
5,12,RF time only,5,7,0,0,103.0026,0.4161454356457041
5,12,RF time only,5,7,0,0,103.9996,0.6480403907891567
5,12,RF time only,5,7,0,0,104.9937,0.6689486220639351
5,12,RF time only,5,7,0,0,105.999,0.5094008630314567
5,12,RF time only,5,7,0,0,106.9934,0.32885586525712024
5,12,RF time only,5,7,0,0,107.9972,0.2069853930579739
5,12,RF time only,5,7,0,0,109.0041,0.2485753954188081
5,12,RF time only,5,7,0,0,109.9973,0.1401446988583809
5,12,RF time only,5,7,0,0,111.0035,0.43079199479487423
5,12,RF time only,5,7,0,0,111.9956,0.1933887971135323
5,12,RF time only,5,7,0,0,113.0022,0.09009166397963173
5,12,RF time only,5,7,0,0,113.9961,0.05670370708723798
5,12,RF time only,5,7,0,0,115.0029,0.40769454330977256
5,12,RF time only,5,7,0,0,115.9965,0.11681135413658564
5,12,RF time only,5,7,0,0,117.001,0.13269062396225295
5,12,RF time only,5,7,0,0,117.9928,0.11913129174109192
5,12,RF time only,5,7,0,0,119.0004,0.43777603528502795
5,12,RF time only,5,7,0,0,119.9944,0.16192199170078503
5,12,RF time only,5,7,0,0,120.9998,0.17919153809573485
5,12,RF time only,5,7,0,0,121.9927,0.11518828619377129
5,12,RF time only,5,7,0,0,122.9995,0.45040397711629443
5,12,RF time only,5,7,0,0,123.9934,0.3204519888551929
5,12,RF time only,5,7,0,0,124.9973,0.32771204551777255
5,12,RF time only,5,7,0,0,125.9932,0.4428055791479495
5,12,RF time only,5,7,0,0,126.9995,0.44581478378919476
5,12,RF time only,5,7,0,0,127.9935,0.6945559516792511
5,12,RF time only,5,7,0,0,128.9974,0.26233420372312205
5,12,RF time only,5,7,0,0,129.9926,0.23604543684925947
5,12,RF time only,5,7,0,0,130.9946,0.19385423801335994
5,12,RF time only,5,7,0,0,132.0014,0.3541642567555396
5,12,RF time only,5,7,0,0,132.9977,0.2620650499301021
5,12,RF time only,5,7,0,0,134.0006,0.22397377910696978
5,12,RF time only,5,7,0,0,134.9947,0.1699218865144675
5,12,RF time only,5,7,0,0,135.9991,0.5749611276481401
5,12,RF time only,5,7,0,0,136.9946,0.17149640143016376
5,12,RF time only,5,7,0,0,138.0004,0.18817426147044036
5,12,RF time only,5,7,0,0,138.9938,0.08455584589468913
5,12,RF time only,5,7,0,0,139.9987,0.09204938738949482
5,12,RF time only,5,7,0,0,141.0029,0.6506435864105019
5,12,RF time only,5,7,0,0,141.998,0.209499389200538
5,12,RF time only,5,7,0,0,143.0033,0.1799595086976089
5,12,RF time only,5,7,0,0,143.9993,0.1856216510409565
5,12,RF time only,5,7,0,0,144.9935,0.4936675853442825
5,12,RF time only,5,7,0,0,145.9986,0.04506203342781359
5,12,RF time only,5,7,0,0,146.9928,0.3290531324044299
5,12,RF time only,5,7,0,0,147.9981,0.06428525682465912
5,12,RF time only,5,7,0,0,149.0022,0.43262365415465476
5,12,RF time only,5,7,0,0,149.9987,0.029482177185226572
5,12,RF time only,5,7,0,0,151.0019,0.10672610557364907
5,12,RF time only,5,7,0,0,151.9956,0.03206741258859015
5,12,RF time only,5,7,0,0,153.0024,0.25483228902597055
5,12,RF time only,5,7,0,0,153.9956,0.10029558344682843
5,12,RF time only,5,7,0,0,155.0018,0.45106056788131393
5,12,RF time only,5,7,0,0,155.9956,0.3679361500749154
5,12,RF time only,5,7,0,0,156.9987,0.5022772085904282
5,12,RF time only,5,7,0,0,157.9938,0.3211417449622117
5,12,RF time only,5,7,0,0,158.9985,0.6148671627175291
5,12,RF time only,5,7,0,0,159.9931,0.8974550703803523
5,12,RF time only,5,7,0,0,160.9992,0.5697266215098996
5,12,RF time only,5,7,0,0,162.0035,0.031858864039049424
5,12,RF time only,5,7,0,0,162.9995,0.7629588939031379
5,12,RF time only,5,7,0,0,163.9937,0.5636380871771364
5,12,RF time only,5,7,0,0,164.9992,0.7357382481586522
5,12,RF time only,5,7,0,0,166.0039,0.16333676674505343
5,12,RF time only,5,7,0,0,166.9984,0.3577451259452821
5,12,RF time only,5,7,0,0,167.9929,0.7061788029315462
5,12,RF time only,5,7,0,0,168.997,0.14094766219443677
5,12,RF time only,5,7,0,0,170.0035,0.5043883198480279
5,12,RF time only,5,7,0,0,170.9975,0.3695408961207046
5,12,RF time only,5,7,0,0,172.001,0.5273310987475164
5,12,RF time only,5,7,0,0,172.9949,0.2219500346562342
5,12,RF time only,5,7,0,0,174.0025,0.6712003421789402
5,12,RF time only,5,7,0,0,174.9966,0.3213394918039131
5,12,RF time only,5,7,0,0,176.0022,0.6711070891205532
5,12,RF time only,5,7,0,0,176.9957,0.3354054056408662
5,12,RF time only,5,7,0,0,178.0007,0.6559584261905271
5,12,RF time only,5,7,0,0,178.996,0.5951680495071194
5,12,RF time only,5,7,0,0,180.0002,0.5515050311047891
5,12,RF time only,5,7,0,0,180.9951,0.403006095537564
5,12,RF time only,5,7,0,0,181.9999,0.5687878082006562
5,12,RF time only,5,7,0,0,182.9938,0.15476079626368375
5,12,RF time only,5,7,0,0,183.9994,0.36648517528627766
5,12,RF time only,5,7,0,0,184.9946,0.47950628404015805
5,12,RF time only,5,7,0,0,185.9985,0.3947887510509281
5,12,RF time only,5,7,0,0,187.0036,0.2847814108749637
5,12,RF time only,5,7,0,0,187.9986,0.3620956034018011
5,12,RF time only,5,7,0,0,188.994,0.5752412512009638
5,12,RF time only,5,7,0,0,189.9969,0.2671284599991961
5,12,RF time only,5,7,0,0,191.0028,0.8997562320955818
5,12,RF time only,5,7,0,0,191.9973,0.2892130637563918
5,12,RF time only,5,7,0,0,193.0028,0.6555393919873762
5,12,RF time only,5,7,0,0,193.9961,0.1621257146251147
5,12,RF time only,5,7,0,0,195.0002,0.3755756262548034
5,12,RF time only,5,7,0,0,195.9969,0.2679745290560154
5,12,RF time only,5,7,0,0,197.0008,0.29934369850801185
5,12,RF time only,5,7,0,0,197.996,0.09591792750799752
5,12,RF time only,5,7,0,0,199.0008,0.680344463478016
5,12,RF time only,5,7,0,0,199.9948,0.3576481598775904
5,12,RF time only,5,7,0,0,201.001,0.8650295062032256
5,12,RF time only,5,7,0,0,201.9949,0.6673743178749956
5,12,RF time only,5,7,0,0,202.9978,0.3103096651187825
5,12,RF time only,5,7,0,0,203.994,0.49602593754437474
5,12,RF time only,5,7,0,0,204.9967,0.6229353645572568
5,12,RF time only,5,7,0,0,205.9934,0.6591947730945299
5,12,RF time only,5,7,0,0,207.0,0.2814505255093148
5,12,RF time only,5,7,0,0,208.0029,0.6609643724575939
5,12,RF time only,5,7,0,0,208.9988,0.650089666899718
5,12,RF time only,5,7,0,0,210.0011,0.8430137473614159
5,12,RF time only,5,7,0,0,210.9983,0.18142644906306796
5,12,RF time only,5,7,0,0,212.0021,0.5696454890253678
5,12,RF time only,5,7,0,0,212.9966,0.3321514770503927
5,12,RF time only,5,7,0,0,214.0021,0.9764570198752455
5,12,RF time only,5,7,0,0,214.9953,0.26950257789999954
5,12,RF time only,5,7,0,0,216.0009,0.28711557261208914
5,12,RF time only,5,7,0,0,216.996,0.3054342229651128
5,12,RF time only,5,7,0,0,218.0005,0.33751842115016095
5,12,RF time only,5,7,1,1,218.9956,0.1674942842814579
5,12,RF time only,5,7,1,1,219.9999,0.590431297707128
5,12,RF time only,5,7,1,1,220.9944,0.43028164118872886
5,12,RF time only,5,7,1,1,221.9987,0.2905127039059648
5,12,RF time only,5,7,1,1,223.0024,0.915201303796416
5,12,RF time only,5,7,1,1,223.999,0.5250399707370212
5,12,RF time only,5,7,1,1,224.994,0.770672012502259
5,12,RF time only,5,7,1,1,225.9992,0.28280919499313323
5,12,RF time only,5,7,1,1,226.9933,0.7475369290555666
5,12,RF time only,5,7,1,1,227.9978,0.38152269566209024
5,12,RF time only,5,7,1,1,228.9928,0.6158751939621643
5,12,RF time only,5,7,1,1,229.9977,0.24996294582961448
5,12,RF time only,5,7,1,1,231.0025,0.8175385667665683
5,12,RF time only,5,7,1,1,231.9957,0.5981860241364175
5,12,RF time only,5,7,1,1,233.0028,0.6493263217046377
5,12,RF time only,5,7,1,1,233.996,0.17436070497227
5,12,RF time only,5,7,1,1,235.002,0.44456725301683186
5,12,RF time only,5,7,1,1,235.9946,0.6091404931880158
5,12,RF time only,5,7,1,1,237.0005,0.5394079277861001
5,12,RF time only,5,7,1,1,237.9957,0.2664644027652484
5,12,RF time only,5,7,1,1,238.9999,0.6215053870396023
5,12,RF time only,5,7,1,1,239.9937,0.5308992452350083
5,12,RF time only,5,7,1,1,240.9994,0.4399361572649026
5,12,RF time only,5,7,1,1,241.9947,0.7254022969827951
5,12,RF time only,5,7,1,1,242.9996,0.280866676313626
5,12,RF time only,5,7,1,1,243.9935,0.826275328949119
5,12,RF time only,5,7,1,1,244.9977,0.3587389844936559
5,12,RF time only,5,7,1,1,246.0013,0.46143891426894207
5,12,RF time only,5,7,1,1,246.9993,0.20486669531769153
5,12,RF time only,5,7,1,1,247.9925,0.5735922746278063
5,12,RF time only,5,7,1,1,248.9948,0.39307086790538764
5,12,RF time only,5,7,1,1,250.0025,0.28428398645900177
5,12,RF time only,5,7,1,1,250.998,0.5249400137788419
5,12,RF time only,5,7,1,1,252.0027,0.744047947087107
5,12,RF time only,5,7,1,1,252.9959,0.22035208369206472
5,12,RF time only,5,7,1,1,254.0011,0.30157969457620354
5,12,RF time only,5,7,1,1,254.9948,0.3514973835253988
5,12,RF time only,5,7,1,1,256.0013,0.40078144834289414
5,12,RF time only,5,7,1,1,256.994,0.5244842358541669
5,12,RF time only,5,7,1,1,258.0011,0.08134252727722298
5,12,RF time only,5,7,1,1,258.9933,0.44071314875127454
5,12,RF time only,5,7,1,1,259.9996,0.38601043586639167
5,12,RF time only,5,7,1,1,260.9945,0.6325751681325887
5,12,RF time only,5,7,1,1,262.0007,0.3440953952200353
5,12,RF time only,5,7,1,1,262.9942,0.8520977905098532
5,12,RF time only,5,7,1,1,263.9989,0.3665527130900271
5,12,RF time only,5,7,1,1,265.0031,0.1536896737222132
5,12,RF time only,5,7,1,1,265.9983,0.4285268663477056
5,12,RF time only,5,7,1,1,267.0032,0.6535627894135817
5,12,RF time only,5,7,1,1,267.9985,0.7039758462648832
5,12,RF time only,5,7,1,1,269.0014,0.8745994641155171
5,12,RF time only,5,7,1,1,269.9975,0.3122089518451494
5,12,RF time only,5,7,1,1,271.003,0.5849466000271063
5,12,RF time only,5,7,1,1,271.9947,0.3183386521198184
5,12,RF time only,5,7,1,1,273.0017,0.7149682029560332
5,12,RF time only,5,7,1,1,273.9952,0.2771988117439784
5,12,RF time only,5,7,1,1,275.0027,0.44213131975886977
5,12,RF time only,5,7,1,1,275.9961,0.27809213323700516
5,12,RF time only,5,7,1,1,276.9996,0.7443948974724385
5,12,RF time only,5,7,1,1,277.9951,0.5712988924052501
5,12,RF time only,5,7,1,1,278.9993,0.6465870638204942
5,12,RF time only,5,7,1,1,279.9949,0.19334684687124296
5,12,RF time only,5,7,1,1,280.9994,0.49535913286779304
5,12,RF time only,5,7,1,1,282.0031,0.8196763847749521
5,12,RF time only,5,7,1,1,282.9984,0.684162088983125
5,12,RF time only,5,7,1,1,283.9934,0.8682329946963785
5,12,RF time only,5,7,1,1,284.9965,0.7947814191117155
5,12,RF time only,5,7,1,1,285.9926,0.7251608985801521
5,12,RF time only,5,7,1,1,286.9979,0.42924184094173595
5,12,RF time only,5,7,1,1,288.0005,0.428055918949228
5,12,RF time only,5,7,1,1,288.9972,0.2634932568239628
5,12,RF time only,5,7,1,1,289.9999,0.5775596670326909
5,12,RF time only,5,7,1,1,290.9973,0.6802459311984983
5,12,RF time only,5,7,1,1,292.0016,0.8855639347128
5,12,RF time only,5,7,1,1,292.9963,0.7046535224263711
5,12,RF time only,5,7,1,1,294.0009,0.8137469581027067
5,12,RF time only,5,7,1,1,294.9931,0.49435710110547953
5,12,RF time only,5,7,1,1,296.0004,0.7654459428583302
5,12,RF time only,5,7,1,1,296.9958,0.782514174066865
5,12,RF time only,5,7,1,1,297.9999,0.5781640798905309
5,12,RF time only,5,7,1,1,298.994,0.8767531071546463
5,12,RF time only,5,7,1,1,299.9984,0.7612141876741393
5,12,RF time only,5,7,1,1,300.9926,0.7456132958727189
5,12,RF time only,5,7,1,1,301.9978,0.5691661715975724
5,12,RF time only,12,18,0,0,0.0,0.0
5,12,RF time only,12,18,0,0,1.008357,0.0
5,12,RF time only,12,18,0,0,2.00824,0.0
5,12,RF time only,12,18,0,0,3.008948,0.0
5,12,RF time only,12,18,0,0,3.999748,0.0
5,12,RF time only,12,18,0,0,4.999649,0.0
5,12,RF time only,12,18,0,0,6.000401,0.0
5,12,RF time only,12,18,0,0,6.999671,0.02857096771562519
5,12,RF time only,12,18,0,0,8.000978,0.2575073209861429
5,12,RF time only,12,18,0,0,9.002599,0.015457566861620843
5,12,RF time only,12,18,0,0,10.0028,0.0
5,12,RF time only,12,18,0,0,11.00139,0.2429219995073233
5,12,RF time only,12,18,0,0,12.00211,0.008491593849972086
5,12,RF time only,12,18,0,0,13.00259,0.006533174429654698
5,12,RF time only,12,18,0,0,14.00278,0.24026261800553628
5,12,RF time only,12,18,0,0,15.00179,0.003201136353129363
5,12,RF time only,12,18,0,0,16.00156,0.0
5,12,RF time only,12,18,0,0,17.0027,0.0
5,12,RF time only,12,18,0,0,18.00079,0.0
5,12,RF time only,12,18,0,0,19.00123,0.0
5,12,RF time only,12,18,0,0,20.00084,0.0012802331994012448
5,12,RF time only,12,18,0,0,21.00071,0.0
5,12,RF time only,12,18,0,0,22.00156,0.0
5,12,RF time only,12,18,0,0,23.00053,0.0
5,12,RF time only,12,18,0,0,24.00102,0.0
5,12,RF time only,12,18,0,0,25.00209,0.04913267221115464
5,12,RF time only,12,18,0,0,26.0016,0.17265797574096217
5,12,RF time only,12,18,0,0,27.00249,0.005077813173323382
5,12,RF time only,12,18,0,0,28.0012,0.0
5,12,RF time only,12,18,0,0,29.00121,0.0
5,12,RF time only,12,18,0,0,30.00123,0.006148995628338574
5,12,RF time only,12,18,0,0,31.00164,0.09573183883231501
5,12,RF time only,12,18,0,0,32.00216,0.21735088371145267
5,12,RF time only,12,18,0,0,33.00088,0.006156336667099763
5,12,RF time only,12,18,0,0,34.00269,0.3232429518022269
5,12,RF time only,12,18,0,0,35.00294,0.15446090640734936
5,12,RF time only,12,18,0,0,36.00311,0.0
5,12,RF time only,12,18,0,0,37.00309,0.026751518248228662
5,12,RF time only,12,18,0,0,38.00405,0.3400210388917982
5,12,RF time only,12,18,0,0,39.00333,0.13181814699111294
5,12,RF time only,12,18,0,0,40.00485,0.07155536866611555
5,12,RF time only,12,18,0,0,41.00397,0.38487046293049026
5,12,RF time only,12,18,0,0,42.00266,0.053885897949246475
5,12,RF time only,12,18,0,0,43.00225,0.06340595723318568
5,12,RF time only,12,18,0,0,44.00298,0.01629267307727634
5,12,RF time only,12,18,0,0,45.00437,0.24977052318575368
5,12,RF time only,12,18,0,0,46.00364,0.016974397600485594
5,12,RF time only,12,18,0,0,47.00359,0.34849814277549584
5,12,RF time only,12,18,0,0,48.0054,0.41035418107698374
5,12,RF time only,12,18,0,0,49.00593,0.3715326259163219
5,12,RF time only,12,18,0,0,50.00617,0.3405437851531535
5,12,RF time only,12,18,0,0,51.00528,0.20954768172141533
5,12,RF time only,12,18,0,0,52.00639,0.6385401375557287
5,12,RF time only,12,18,1,1,53.00624,0.45569000619182976
5,12,RF time only,12,18,1,1,54.00494,0.416581637925264
5,12,RF time only,12,18,1,1,55.00533,0.3663471459232912
5,12,RF time only,12,18,1,1,56.00521,0.39706332699584074
5,12,RF time only,12,18,1,1,57.00574,0.47636422873191075
5,12,RF time only,12,18,1,1,58.0062,0.8977758067913297
5,12,RF time only,12,18,1,1,59.00651,0.8074298727734056
5,12,RF time only,12,18,1,1,60.0065,0.6717536411582389
5,12,RF time only,12,18,1,1,61.00676,0.9732900502603258
5,12,RF time only,12,18,1,1,62.00747,0.5628089447774299
5,12,RF time only,12,18,1,1,63.00783,0.9692033553020032
5,12,RF time only,12,18,1,1,64.00652,0.7283856027411932
5,12,RF time only,12,18,1,1,65.00637,0.9617455215981996
5,12,RF time only,12,18,1,1,66.00661,0.874265202898531
5,12,RF time only,12,18,1,1,67.00733,0.6766437806777064
5,12,RF time only,12,18,1,1,68.0062,0.6974841599372915
5,12,RF time only,12,18,1,1,69.00656,0.6444900416408289
5,12,RF time only,12,18,1,1,70.00576,0.38554730946671173
5,12,RF time only,12,18,1,1,71.007,0.7742056750344708
5,12,RF time only,12,18,1,1,72.00552,0.38599628192336066
5,12,RF time only,12,18,1,1,73.00641,0.7874954216864625
5,12,RF time only,12,18,1,1,74.00616,0.5936742657564121
5,12,RF time only,12,18,1,1,75.00674,0.8390030150062217
5,12,RF time only,12,18,1,1,76.00529,0.05726100065685685
5,12,RF time only,12,18,1,1,77.00492,0.23785195304280368
5,12,RF time only,12,18,1,1,78.00499,0.07490108612153112
5,12,RF time only,12,18,1,1,79.00438,0.03460772159966287
5,12,RF time only,12,18,1,1,80.00517,0.5138650815068728
5,12,RF time only,12,18,1,1,81.00525,0.7124645619308466
5,12,RF time only,12,18,1,1,82.00571,0.6403753185436806
5,12,RF time only,12,18,1,1,83.0059,0.6210610269046062
5,12,RF time only,12,18,1,1,84.00636,0.36468566391939866
5,12,RF time only,12,18,1,1,85.00627,0.21103885638689748
5,12,RF time only,12,18,1,1,86.00544,0.10221943331998781
5,12,RF time only,12,18,1,1,87.00535,0.36976883302035596
5,12,RF time only,12,18,1,1,88.00661,0.5579150684766258
5,12,RF time only,12,18,1,1,89.00671,0.9221643180197795
5,12,RF time only,12,18,1,1,90.0069,0.8654989734576568
5,12,RF time only,12,18,1,1,91.00655,0.23892167309054563
5,12,RF time only,12,18,1,1,92.00586,0.1434830594733239
5,12,RF time only,12,18,1,1,93.00626,0.4533925378556606
5,12,RF time only,12,18,1,1,94.00586,0.10750537570590216
5,12,RF time only,12,18,1,1,95.00709,0.28014372175037366
5,12,RF time only,12,18,1,1,96.00739,0.47888503906058505
5,12,RF time only,12,18,1,1,97.00674,0.6568431637523867
5,12,RF time only,12,18,1,1,98.00808,0.8589216786900348
5,12,RF time only,12,18,1,1,99.00751,0.677415447077538
5,12,RF time only,12,18,1,1,100.0077,0.28248096036342646
5,12,RF time only,12,18,1,1,101.0096,0.5742892363342318
5,12,RF time only,12,18,1,1,102.0074,0.33478802255754175
5,12,RF time only,12,18,1,1,103.0078,0.41461815797127394
5,12,RF time only,12,18,1,1,104.0074,0.04181284710532631
5,12,RF time only,12,18,1,1,105.0075,0.17395414244470486
5,12,RF time only,12,18,1,1,106.0091,0.4846766268752047
5,12,RF time only,12,18,1,1,107.0098,0.7771438927078934
5,12,RF time only,12,18,1,2,108.0099,0.8700478490313293
5,12,RF time only,12,18,1,2,109.0091,0.7023218167903901
5,12,RF time only,12,18,1,2,110.0078,0.7196030648632914
5,12,RF time only,12,18,1,2,111.0087,0.4898425310738231
5,12,RF time only,12,18,1,2,112.0099,0.8579372143099501
5,12,RF time only,12,18,1,2,113.0093,0.5071101286604535
5,12,RF time only,12,18,1,2,114.009,0.6129340531335407
5,12,RF time only,12,18,1,2,115.0081,0.19048460865232683
5,12,RF time only,12,18,1,2,116.0078,0.08723675198579046
5,12,RF time only,12,18,1,2,117.0074,0.25679254345655866
5,12,RF time only,12,18,1,2,118.0071,0.37559881573413406
5,12,RF time only,12,18,1,2,119.0083,0.2989192689443136
5,12,RF time only,12,18,1,2,120.009,0.4161947931467392
5,12,RF time only,12,18,1,2,120.9984,0.1005248257593364
5,12,RF time only,12,18,1,2,122.0074,0.07281468421840828
5,12,RF time only,12,18,1,2,123.0077,0.4026153791869632
5,12,RF time only,12,18,1,2,123.9986,0.4470576840526049
5,12,RF time only,12,18,1,2,125.0092,0.44280491175533804
5,12,RF time only,12,18,1,2,125.9986,0.20083773177785486
5,12,RF time only,12,18,1,2,126.9988,0.5007499041583923
5,12,RF time only,12,18,1,2,127.9989,0.3827326106110833
5,12,RF time only,12,18,1,2,128.9988,0.6433951699974391
5,12,RF time only,12,18,1,2,129.9991,0.5388232877877445
5,12,RF time only,12,18,1,2,130.9994,0.5856724077120721
5,12,RF time only,12,18,1,2,131.999,0.6514371385917206
5,12,RF time only,12,18,1,2,132.9998,0.6233278400350166
5,12,RF time only,12,18,1,2,133.9993,0.6918199637978887
5,12,RF time only,12,18,1,2,134.9985,0.3157890657404155
5,12,RF time only,12,18,1,2,135.9998,0.6146755845777437
5,12,RF time only,12,18,1,2,136.9992,0.6425981196442101
5,12,RF time only,12,18,1,2,137.9989,0.3882038352369553
5,12,RF time only,12,18,1,2,138.9988,0.08150446315139155
5,12,RF time only,12,18,1,2,139.9986,0.09204938738949482
5,12,RF time only,12,18,1,2,140.9988,0.14743933630935968
5,12,RF time only,12,18,1,2,141.9991,0.209499389200538
5,12,RF time only,12,18,1,2,142.9998,0.5830196211297902
5,12,RF time only,12,18,1,2,143.9999,0.18502155175823767
5,12,RF time only,12,18,1,2,145.0001,0.42424046180372404
5,12,RF time only,12,18,1,2,146.001,0.5948260925122144
5,12,RF time only,12,18,1,2,147.0007,0.3164235818740071
5,12,RF time only,12,18,1,2,148.0004,0.4264985055832748
5,12,RF time only,12,18,1,2,149.001,0.3471875113187806
5,12,RF time only,12,18,1,2,150.0006,0.09347636863842716
5,12,RF time only,12,18,1,2,151.0011,0.43055963002628517
5,12,RF time only,12,18,1,2,152.0004,0.4675041179738377
5,12,RF time only,12,18,1,2,153.001,0.49223125770552095
5,12,RF time only,12,18,1,2,154.0011,0.47717469450210304
5,12,RF time only,12,18,1,2,155.0003,0.4429342221410175
5,12,RF time only,12,18,1,2,156.001,0.5639328681553208
5,12,RF time only,12,18,1,2,156.9993,0.5041329001375657
5,12,RF time only,12,18,1,2,157.9988,0.812203041024723
5,12,RF time only,12,18,1,2,159.0003,0.38578773163914404
5,12,RF time only,12,18,1,2,160.0008,0.7227545150313933
5,12,RF time only,12,18,1,2,160.9996,0.5545410505764145
5,12,RF time only,12,18,1,2,162.0001,0.925170072945372
5,12,RF time only,12,18,1,2,163.0001,0.8773587506564341
5,12,RF time only,12,18,1,2,164.0005,0.877687046878934
5,12,RF time only,12,18,1,2,165.0004,0.8699121119269911
5,12,RF time only,12,18,1,2,166.0017,0.8739408946768062
5,12,RF time only,12,18,1,2,167.0011,0.6438769531090054
5,12,RF time only,12,18,1,2,168.0008,0.6366485546885717
5,12,RF time only,12,18,1,2,168.9998,0.9226216926784732
5,12,RF time only,12,18,1,2,170.0002,0.6857692638572825
5,12,RF time only,12,18,1,2,170.9997,0.8117852630095161
5,12,RF time only,12,18,1,2,172.0014,0.42808436392219296
5,12,RF time only,12,18,1,2,173.0018,0.9367917390460909
5,12,RF time only,12,18,1,2,174.0013,0.36536627261924215
5,12,RF time only,12,18,1,2,175.0014,0.8483571775676225
5,12,RF time only,12,18,1,2,176.0028,0.6652418894945296
5,12,RF time only,12,18,1,2,177.0029,0.8047285631109472
5,12,RF time only,12,18,1,2,178.0038,0.8199119939181346
5,12,RF time only,12,18,1,2,179.0038,0.5086872165272496
5,12,RF time only,12,18,1,2,180.0031,0.9072374164701354
5,12,RF time only,12,18,1,2,181.0029,0.7996785340919923
5,12,RF time only,12,18,1,2,182.0026,0.9301067598571372
5,12,RF time only,12,18,1,2,183.0027,0.907078030458513
5,12,RF time only,12,18,1,2,184.0022,0.9560295037603208
5,12,RF time only,12,18,1,2,185.0028,0.21673796426631242
5,12,RF time only,12,18,1,2,186.0024,0.9470962622138
5,12,RF time only,12,18,1,2,187.0021,0.6004225703550767
5,12,RF time only,12,18,1,2,188.0025,0.8071153081763676
5,12,RF time only,12,18,1,3,189.0021,0.7147852143514972
5,12,RF time only,12,18,1,3,190.0029,0.9605775574588646
5,12,RF time only,12,18,1,3,191.0034,0.9497912890078195
5,12,RF time only,12,18,1,3,192.002,0.6166855582965993
5,12,RF time only,12,18,1,3,193.0013,0.6564750530876379
5,12,RF time only,12,18,1,3,194.0016,0.8976843464650128
5,12,RF time only,12,18,1,3,195.0015,0.6807483738415209
5,12,RF time only,12,18,1,3,196.0016,0.6263932336120189
5,12,RF time only,12,18,1,3,197.0011,0.7496582168487345
5,12,RF time only,12,18,1,3,198.0019,0.9690478698992419
5,12,RF time only,12,18,1,3,199.0027,0.7930648877816082
5,12,RF time only,12,18,1,3,200.0016,0.7196960534681216
5,12,RF time only,12,18,1,3,201.0032,0.934078514600791
5,12,RF time only,12,18,1,1,202.0032,0.8088021544552184
5,12,RF time only,12,18,1,1,203.0031,0.911049385837966
5,12,RF time only,12,18,1,1,204.0051,0.636296652520978
5,12,RF time only,12,18,1,1,205.0046,0.4662796667267552
5,12,RF time only,12,18,1,1,206.0048,0.4710127361441987
5,12,RF time only,12,18,1,1,207.0044,0.9686133166552616
5,12,RF time only,12,18,1,1,208.0034,0.7087074783632203
5,12,RF time only,12,18,1,1,209.0041,0.8037800930209289
5,12,RF time only,12,18,1,1,210.0043,0.4843628942175282
5,12,RF time only,12,18,1,1,211.0044,0.7077626344229079
5,12,RF time only,12,18,1,1,212.0051,0.9565336412723148
5,12,RF time only,12,18,1,1,213.0056,0.9636847746028748
5,12,RF time only,12,18,1,1,214.004,0.9714573701232685
5,12,RF time only,12,18,1,1,215.0044,0.8216420091511923
5,12,RF time only,12,18,1,1,216.0038,0.6633849481056415
5,12,RF time only,12,18,1,1,217.0047,0.24265191585314663
5,12,RF time only,12,18,1,1,218.0059,0.36285995732119997
5,12,RF time only,12,18,1,1,219.0059,0.40728546317718123
5,12,RF time only,12,18,1,1,220.0052,0.2693845788056
5,12,RF time only,12,18,1,1,221.0061,0.5470401386100927
5,12,RF time only,12,18,1,1,222.0059,0.591448972521983
5,12,RF time only,12,18,1,1,223.0056,0.6885001793592609
5,12,RF time only,12,18,1,1,224.0057,0.5379188915784219
5,12,RF time only,12,18,1,1,225.0056,0.41029120945979103
5,12,RF time only,12,18,1,1,226.0055,0.5091369734427654
5,12,RF time only,12,18,1,1,227.0059,0.42374961030254893
5,12,RF time only,12,18,1,1,228.005,0.8832082021200256
5,12,RF time only,12,18,1,1,229.0065,0.8533735981387642
5,12,RF time only,12,18,1,1,230.0075,0.8742812596922989
5,12,RF time only,12,18,1,1,231.0063,0.8110456887509029
5,12,RF time only,12,18,1,1,232.0068,0.7569936772136754
5,12,RF time only,12,18,1,1,233.0066,0.6402105077367808
5,12,RF time only,12,18,1,1,234.0066,0.5795338256713641
5,12,RF time only,12,18,1,1,235.0065,0.41914361237364167
5,12,RF time only,12,18,1,1,236.0055,0.7562556968762241
5,12,RF time only,12,18,1,1,237.0056,0.17950234481906302
5,12,RF time only,12,18,1,1,238.0052,0.9026860315219885
5,12,RF time only,12,18,1,1,239.0056,0.9008034675279145
5,12,RF time only,12,18,1,1,240.0051,0.36647219258317726
5,12,RF time only,12,18,1,1,241.0055,0.37054317627306976
5,12,RF time only,12,18,1,1,242.0062,0.6370618080664915
5,12,RF time only,12,18,1,2,243.0076,0.34730835962840445
5,12,RF time only,12,18,1,2,244.0073,0.7901385121344843
5,12,RF time only,12,18,1,2,245.0063,0.3982722777115479
5,12,RF time only,12,18,1,2,246.0071,0.22199837680979503
5,12,RF time only,12,18,1,2,247.0066,0.135929863343474
5,12,RF time only,12,18,1,2,248.0063,0.3121579832364835
5,12,RF time only,12,18,1,2,249.0063,0.3963040394844269
5,12,RF time only,12,18,1,2,250.0067,0.5347552610196089
5,12,RF time only,12,18,1,2,251.0069,0.8149312470373054
5,12,RF time only,12,18,1,2,252.0063,0.2659605314046696
5,12,RF time only,12,18,1,2,253.0062,0.07413394218829912
5,12,RF time only,12,18,1,2,254.007,0.8292417942303716
5,12,RF time only,12,18,1,3,255.0065,0.6729578961262427
5,12,RF time only,12,18,1,3,256.0077,0.7347240109566837
5,12,RF time only,12,18,1,3,257.0081,0.9561754448218952
5,12,RF time only,12,18,1,3,258.0063,0.6529545013441016
5,12,RF time only,12,18,1,3,259.008,0.5220823234387935
5,12,RF time only,12,18,1,3,260.007,0.7229689205867366
5,12,RF time only,12,18,1,3,261.0075,0.5935982476569636
5,12,RF time only,12,18,1,3,262.0077,0.693613856380699
5,12,RF time only,12,18,1,3,263.0085,0.20345214949178686
5,12,RF time only,12,18,1,3,264.0075,0.6493225884999437
5,12,RF time only,12,18,1,3,265.0075,0.062290770269793835
5,12,RF time only,12,18,1,3,266.0073,0.09240205847317404
5,12,RF time only,12,18,1,3,267.0079,0.06382756521825773
5,12,RF time only,12,18,1,3,268.0078,0.6868198127685303
5,12,RF time only,12,18,1,3,269.0071,0.11466874916071508
5,12,RF time only,12,18,1,3,270.0084,0.9534609227151389
5,12,RF time only,12,18,1,3,271.0077,0.5612437478137337
5,12,RF time only,12,18,1,3,272.0077,0.643780986650344
5,12,RF time only,12,18,1,3,273.0062,0.21459427998907907
5,12,RF time only,12,18,1,3,274.0075,0.9124438804988076
5,12,RF time only,12,18,1,3,275.0082,0.3912100262840623
5,12,RF time only,12,18,1,3,276.0084,0.7888058560465939
5,12,RF time only,12,18,1,3,277.008,0.5354909991959516
5,12,RF time only,12,18,1,3,278.0078,0.927548593157891
5,12,RF time only,12,18,1,3,279.0087,0.7343181406270687
5,12,RF time only,12,18,1,3,279.9987,0.5922099368478152
5,12,RF time only,12,18,1,3,280.9984,0.31971834283245065
5,12,RF time only,12,18,1,3,282.0078,0.6206244344498266
5,12,RF time only,12,18,1,3,283.0088,0.8366573930680494
5,12,RF time only,12,18,1,3,284.0084,0.4962032574054819
5,12,RF time only,12,18,1,3,285.0089,0.9946408977388003
5,12,RF time only,12,18,1,3,286.0092,0.7722064759979281
5,12,RF time only,12,18,1,3,287.0081,0.6254580141413086
5,12,RF time only,12,18,1,3,288.0087,0.3380147192060268
5,12,RF time only,12,18,1,3,289.0087,0.8871755059486228
5,12,RF time only,12,18,1,3,290.0087,0.754498000677928
5,12,RF time only,12,18,1,3,290.9989,0.7410223942058027
5,12,RF time only,12,18,1,3,291.9995,0.7262094348596143
5,12,RF time only,12,18,1,3,293.0102,0.5656269978647241
5,12,RF time only,12,18,1,3,293.9985,0.8887369794485345
5,12,RF time only,12,18,1,3,295.0103,0.8031475022192254
5,12,RF time only,12,18,1,3,296.0102,0.6636789425189688
5,12,RF time only,12,18,1,3,297.0093,0.8036643976946174
5,12,RF time only,12,18,1,3,297.9989,0.5781640798905309
5,12,RF time only,12,18,1,3,298.9991,0.7766041477384195
5,12,RF time only,12,18,1,3,299.9987,0.7612141876741393
5,12,RF time only,12,18,1,3,300.9995,0.5962420786909319
5,12,RF time only,12,18,1,3,302.0092,0.5691661715975724
5,12,GB time only,5,7,0,0,0.0,0.0009450456346805458
5,12,GB time only,5,7,0,0,0.9979449,0.0009450456346805458
5,12,GB time only,5,7,0,0,1.994617,0.0009450456346805458
5,12,GB time only,5,7,0,0,3.0001,0.0009450456346805458
5,12,GB time only,5,7,0,0,3.992538,0.0009450456346805458
5,12,GB time only,5,7,0,0,4.998353,0.03745088591805885
5,12,GB time only,5,7,0,0,5.994089,0.038117301405044345
5,12,GB time only,5,7,0,0,6.999735,0.07341377439052786
5,12,GB time only,5,7,0,0,7.992708,0.11132681866884618
5,12,GB time only,5,7,0,0,8.99801,0.11132681866884618
5,12,GB time only,5,7,0,0,9.992953,0.10990394760746795
5,12,GB time only,5,7,0,0,10.99727,0.11120308162228458
5,12,GB time only,5,7,0,0,12.00375,0.1099316178639286
5,12,GB time only,5,7,0,0,12.99432,0.11115931086404506
5,12,GB time only,5,7,0,0,14.00173,0.1099316178639286
5,12,GB time only,5,7,0,0,14.99507,0.11172002697081407
5,12,GB time only,5,7,0,0,16.00235,0.14194298859693905
5,12,GB time only,5,7,0,0,16.9948,0.11254013901789027
5,12,GB time only,5,7,0,0,17.99868,0.07840779072176261
5,12,GB time only,5,7,0,0,18.99538,0.14227772494682853
5,12,GB time only,5,7,0,0,19.99832,0.11335611726143287
5,12,GB time only,5,7,0,0,20.9952,0.14189392072222393
5,12,GB time only,5,7,0,0,22.00016,0.11186772711395164
5,12,GB time only,5,7,0,0,22.9937,0.11041636262455745
5,12,GB time only,5,7,0,0,23.99834,0.1114945347158888
5,12,GB time only,5,7,0,0,24.99279,0.1114945347158888
5,12,GB time only,5,7,0,0,25.99831,0.1829771978827578
5,12,GB time only,5,7,0,0,27.00385,0.1829771978827578
5,12,GB time only,5,7,0,0,27.99797,0.1829771978827578
5,12,GB time only,5,7,0,0,29.00375,0.17980574695161533
5,12,GB time only,5,7,0,0,29.99829,0.21728413990543072
5,12,GB time only,5,7,0,0,31.0024,0.21373243874994063
5,12,GB time only,5,7,0,0,31.99665,0.21814921876408475
5,12,GB time only,5,7,0,0,33.00146,0.24212851653959022
5,12,GB time only,5,7,0,0,33.99636,0.21447069662179843
5,12,GB time only,5,7,0,0,35.00234,0.21893945571734139
5,12,GB time only,5,7,0,0,35.99362,0.21893945571734139
5,12,GB time only,5,7,0,0,37.00188,0.21893945571734139
5,12,GB time only,5,7,0,0,37.99537,0.2750905993821412
5,12,GB time only,5,7,0,0,39.00058,0.2212096405927547
5,12,GB time only,5,7,0,0,39.99454,0.2212096405927547
5,12,GB time only,5,7,0,0,41.00016,0.2425805544519723
5,12,GB time only,5,7,0,0,41.99364,0.22242463657497666
5,12,GB time only,5,7,0,0,42.99908,0.241921016265822
5,12,GB time only,5,7,0,0,43.9943,0.22280458913935208
5,12,GB time only,5,7,0,0,44.9986,0.24138283153939366
5,12,GB time only,5,7,0,0,45.99447,0.22320680832460252
5,12,GB time only,5,7,0,0,46.99823,0.24740626549596983
5,12,GB time only,5,7,0,0,48.00225,0.21818131072592056
5,12,GB time only,5,7,0,0,48.99792,0.2498004229613984
5,12,GB time only,5,7,0,0,49.99257,0.24855822417262716
5,12,GB time only,5,7,0,0,50.99813,0.2827478806963444
5,12,GB time only,5,7,0,0,52.00381,0.28209796842063894
5,12,GB time only,5,7,0,0,52.99578,0.28209796842063894
5,12,GB time only,5,7,0,0,54.0017,0.28614791182541877
5,12,GB time only,5,7,0,0,54.99515,0.3108382916830926
5,12,GB time only,5,7,0,0,56.00211,0.3466992810804903
5,12,GB time only,5,7,0,0,56.99607,0.29109017222679145
5,12,GB time only,5,7,0,0,58.00155,0.33825644017562473
5,12,GB time only,5,7,0,0,58.99435,0.2918834558028209
5,12,GB time only,5,7,0,0,60.0008,0.31178224324945103
5,12,GB time only,5,7,0,0,60.994,0.37945445216978035
5,12,GB time only,5,7,0,0,61.99949,0.3449806987536209
5,12,GB time only,5,7,0,0,62.99507,0.3449806987536209
5,12,GB time only,5,7,0,0,63.99815,0.349087194511607
5,12,GB time only,5,7,0,0,64.99374,0.3172168795969357
5,12,GB time only,5,7,0,0,65.99939,0.3516396324006964
5,12,GB time only,5,7,0,0,66.9928,0.377901377697929
5,12,GB time only,5,7,0,0,67.99718,0.31673149845272963
5,12,GB time only,5,7,0,0,69.00393,0.3790809177000276
5,12,GB time only,5,7,0,0,69.99723,0.31644350762123397
5,12,GB time only,5,7,0,0,71.00259,0.3794485507357084
5,12,GB time only,5,7,0,0,71.99445,0.37296929377190974
5,12,GB time only,5,7,0,0,73.00022,0.3575029548668928
5,12,GB time only,5,7,0,0,73.99709,0.3575029548668928
5,12,GB time only,5,7,0,0,75.00314,0.3739492011038459
5,12,GB time only,5,7,0,0,75.99519,0.3739492011038459
5,12,GB time only,5,7,0,0,76.99998,0.4195341833236583
5,12,GB time only,5,7,0,0,77.99554,0.4084938062184307
5,12,GB time only,5,7,0,0,79.00001,0.4128959855229928
5,12,GB time only,5,7,0,0,79.99461,0.4092775264642276
5,12,GB time only,5,7,0,0,81.00056,0.4127855363235477
5,12,GB time only,5,7,0,0,82.00359,0.409499781851698
5,12,GB time only,5,7,0,0,82.99943,0.4454378157660526
5,12,GB time only,5,7,0,0,83.99486,0.4454378157660526
5,12,GB time only,5,7,0,0,85.00007,0.46150311983166287
5,12,GB time only,5,7,0,0,86.00393,0.4203988785251571
5,12,GB time only,5,7,0,0,86.99812,0.44671892899100885
5,12,GB time only,5,7,0,0,87.99282,0.5181502361374252
5,12,GB time only,5,7,0,0,88.99699,0.3886562491178284
5,12,GB time only,5,7,0,0,90.00186,0.4900532573504706
5,12,GB time only,5,7,0,0,90.99645,0.45128285012511565
5,12,GB time only,5,7,0,0,92.00201,0.5459619498312903
5,12,GB time only,5,7,0,0,92.99689,0.5067585799430911
5,12,GB time only,5,7,0,0,94.00135,0.4539686392459521
5,12,GB time only,5,7,0,0,94.9968,0.4539686392459521
5,12,GB time only,5,7,0,0,96.00082,0.49169952753403023
5,12,GB time only,5,7,0,0,96.99449,0.4804758221938315
5,12,GB time only,5,7,0,0,98.00054,0.6022400255410831
5,12,GB time only,5,7,0,0,98.99588,0.481106626143553
5,12,GB time only,5,7,0,0,100.0011,0.5503908700338717
5,12,GB time only,5,7,0,0,100.9948,0.5723840452938955
5,12,GB time only,5,7,0,0,101.9992,0.5108692751545084
5,12,GB time only,5,7,0,0,103.0026,0.5322457863436941
5,12,GB time only,5,7,0,0,103.9996,0.5322457863436941
5,12,GB time only,5,7,0,0,104.9937,0.48293855938268565
5,12,GB time only,5,7,0,0,105.999,0.4966125444796629
5,12,GB time only,5,7,0,0,106.9934,0.5055064407149439
5,12,GB time only,5,7,0,0,107.9972,0.5173224070105917
5,12,GB time only,5,7,0,0,109.0041,0.45326830626311704
5,12,GB time only,5,7,0,0,109.9973,0.45326830626311704
5,12,GB time only,5,7,0,0,111.0035,0.49676718105672796
5,12,GB time only,5,7,0,0,111.9956,0.5055643927859008
5,12,GB time only,5,7,0,0,113.0022,0.545218920032388
5,12,GB time only,5,7,0,0,113.9961,0.4769703901279561
5,12,GB time only,5,7,0,0,115.0029,0.4530544908847998
5,12,GB time only,5,7,0,0,115.9965,0.4530544908847998
5,12,GB time only,5,7,0,0,117.001,0.4900976837341113
5,12,GB time only,5,7,0,0,117.9928,0.47626127335332535
5,12,GB time only,5,7,0,0,119.0004,0.4296352894972351
5,12,GB time only,5,7,0,0,119.9944,0.4296352894972351
5,12,GB time only,5,7,0,0,120.9998,0.4296352894972351
5,12,GB time only,5,7,0,0,121.9927,0.4660736499824266
5,12,GB time only,5,7,0,0,122.9995,0.5005219559032946
5,12,GB time only,5,7,0,0,123.9934,0.4727467315428633
5,12,GB time only,5,7,0,0,124.9973,0.4727467315428633
5,12,GB time only,5,7,0,0,125.9932,0.4923170148394927
5,12,GB time only,5,7,0,0,126.9995,0.4923170148394927
5,12,GB time only,5,7,0,0,127.9935,0.49442795357338953
5,12,GB time only,5,7,0,0,128.9974,0.5260097680031871
5,12,GB time only,5,7,0,0,129.9926,0.4757466616676379
5,12,GB time only,5,7,0,0,130.9946,0.4757466616676379
5,12,GB time only,5,7,0,0,132.0014,0.5075645707164409
5,12,GB time only,5,7,0,0,132.9977,0.5516966292438422
5,12,GB time only,5,7,0,0,134.0006,0.5516966292438422
5,12,GB time only,5,7,0,0,134.9947,0.5581198662908533
5,12,GB time only,5,7,0,0,135.9991,0.5581198662908533
5,12,GB time only,5,7,0,0,136.9946,0.5450559055170001
5,12,GB time only,5,7,0,0,138.0004,0.5641984005574555
5,12,GB time only,5,7,0,0,138.9938,0.5704014694058066
5,12,GB time only,5,7,0,0,139.9987,0.5643962944970041
5,12,GB time only,5,7,0,0,141.0029,0.5547314395517353
5,12,GB time only,5,7,0,0,141.998,0.5547314395517353
5,12,GB time only,5,7,0,0,143.0033,0.5469376221787642
5,12,GB time only,5,7,0,0,143.9993,0.5779656358127641
5,12,GB time only,5,7,0,0,144.9935,0.5843318811284693
5,12,GB time only,5,7,0,0,145.9986,0.5562719836160844
5,12,GB time only,5,7,0,0,146.9928,0.5562719836160844
5,12,GB time only,5,7,0,0,147.9981,0.5562719836160844
5,12,GB time only,5,7,0,0,149.0022,0.5758224859795738
5,12,GB time only,5,7,0,0,149.9987,0.5758224859795738
5,12,GB time only,5,7,0,0,151.0019,0.546023392386463
5,12,GB time only,5,7,0,0,151.9956,0.546023392386463
5,12,GB time only,5,7,0,0,153.0024,0.5541709661301306
5,12,GB time only,5,7,0,0,153.9956,0.5850229963001197
5,12,GB time only,5,7,0,0,155.0018,0.5699227189226169
5,12,GB time only,5,7,0,0,155.9956,0.5753716710688643
5,12,GB time only,5,7,0,0,156.9987,0.5331553247585777
5,12,GB time only,5,7,0,0,157.9938,0.5331553247585777
5,12,GB time only,5,7,0,0,158.9985,0.6239110935140204
5,12,GB time only,5,7,0,0,159.9931,0.6337771625959634
5,12,GB time only,5,7,0,0,160.9992,0.6466214104865069
5,12,GB time only,5,7,0,0,162.0035,0.6466214104865069
5,12,GB time only,5,7,0,0,162.9995,0.6466214104865069
5,12,GB time only,5,7,0,0,163.9937,0.6154659236645514
5,12,GB time only,5,7,0,0,164.9992,0.622950948987132
5,12,GB time only,5,7,0,0,166.0039,0.6539333761456756
5,12,GB time only,5,7,0,0,166.9984,0.6490276440377702
5,12,GB time only,5,7,0,0,167.9929,0.6490276440377702
5,12,GB time only,5,7,0,0,168.997,0.6356988324791446
5,12,GB time only,5,7,0,0,170.0035,0.6150288839433641
5,12,GB time only,5,7,0,0,170.9975,0.6368172666693257
5,12,GB time only,5,7,0,0,172.001,0.6368172666693257
5,12,GB time only,5,7,0,0,172.9949,0.6368172666693257
5,12,GB time only,5,7,0,0,174.0025,0.6445082373980849
5,12,GB time only,5,7,0,0,174.9966,0.6141316969445089
5,12,GB time only,5,7,0,0,176.0022,0.6694093644960347
5,12,GB time only,5,7,0,0,176.9957,0.6383799156136667
5,12,GB time only,5,7,0,0,178.0007,0.6458451134534388
5,12,GB time only,5,7,0,0,178.996,0.6458451134534388
5,12,GB time only,5,7,0,0,180.0002,0.6152053502365865
5,12,GB time only,5,7,0,0,180.9951,0.6253929233576463
5,12,GB time only,5,7,0,0,181.9999,0.643405462958719
5,12,GB time only,5,7,0,0,182.9938,0.6161076084610285
5,12,GB time only,5,7,0,0,183.9994,0.6161076084610285
5,12,GB time only,5,7,0,0,184.9946,0.6484376378047855
5,12,GB time only,5,7,0,0,185.9985,0.6556913641371679
5,12,GB time only,5,7,0,0,187.0036,0.6027991946855823
5,12,GB time only,5,7,0,0,187.9986,0.6558794647140861
5,12,GB time only,5,7,0,0,188.994,0.6558794647140861
5,12,GB time only,5,7,0,0,189.9969,0.6288576476180749
5,12,GB time only,5,7,0,0,191.0028,0.657055292259132
5,12,GB time only,5,7,0,0,191.9973,0.6536936179339509
5,12,GB time only,5,7,0,0,193.0028,0.699669115966845
5,12,GB time only,5,7,0,0,193.9961,0.6875367392966966
5,12,GB time only,5,7,0,0,195.0002,0.6875367392966966
5,12,GB time only,5,7,0,0,195.9969,0.6271116128728426
5,12,GB time only,5,7,0,0,197.0008,0.7326884559245208
5,12,GB time only,5,7,0,0,197.996,0.6268804281329231
5,12,GB time only,5,7,0,0,199.0008,0.6840573849687024
5,12,GB time only,5,7,0,0,199.9948,0.6840573849687024
5,12,GB time only,5,7,0,0,201.001,0.67831453865203
5,12,GB time only,5,7,0,0,201.9949,0.6264129361495032
5,12,GB time only,5,7,0,0,202.9978,0.7094356707068684
5,12,GB time only,5,7,0,0,203.994,0.5990223038796921
5,12,GB time only,5,7,0,0,204.9967,0.6348301860108577
5,12,GB time only,5,7,0,0,205.9934,0.6348301860108577
5,12,GB time only,5,7,0,0,207.0,0.6573641102487264
5,12,GB time only,5,7,0,0,208.0029,0.625969694101191
5,12,GB time only,5,7,0,0,208.9988,0.6335553176365171
5,12,GB time only,5,7,0,0,210.0011,0.6004118919674809
5,12,GB time only,5,7,0,0,210.9983,0.6004118919674809
5,12,GB time only,5,7,0,0,212.0021,0.6721290238055283
5,12,GB time only,5,7,0,0,212.9966,0.6263213615226262
5,12,GB time only,5,7,0,0,214.0021,0.6319885964187282
5,12,GB time only,5,7,0,0,214.9953,0.6276656953466437
5,12,GB time only,5,7,0,0,216.0009,0.631998095111967
5,12,GB time only,5,7,0,0,216.996,0.631998095111967
5,12,GB time only,5,7,0,0,218.0005,0.6278422610949638
5,12,GB time only,5,7,1,1,218.9956,0.6347813397128363
5,12,GB time only,5,7,1,1,219.9999,0.6452722259377364
5,12,GB time only,5,7,1,1,220.9944,0.6354709150098159
5,12,GB time only,5,7,1,1,221.9987,0.6354709150098159
5,12,GB time only,5,7,1,1,223.0024,0.6000753705687153
5,12,GB time only,5,7,1,1,223.999,0.6970425960610958
5,12,GB time only,5,7,1,1,224.994,0.6231295701797526
5,12,GB time only,5,7,1,1,225.9992,0.6358161552183732
5,12,GB time only,5,7,1,1,226.9933,0.6358161552183732
5,12,GB time only,5,7,1,1,227.9978,0.6358161552183732
5,12,GB time only,5,7,1,1,228.9928,0.627875951798583
5,12,GB time only,5,7,1,1,229.9977,0.6345581875107251
5,12,GB time only,5,7,1,1,231.0025,0.6460960678425103
5,12,GB time only,5,7,1,1,231.9957,0.6460960678425103
5,12,GB time only,5,7,1,1,233.0028,0.6244299383189034
5,12,GB time only,5,7,1,1,233.996,0.6375671275605584
5,12,GB time only,5,7,1,1,235.002,0.6722357830298021
5,12,GB time only,5,7,1,1,235.9946,0.58666921067772
5,12,GB time only,5,7,1,1,237.0005,0.5968148679980353
5,12,GB time only,5,7,1,1,237.9957,0.5968148679980353
5,12,GB time only,5,7,1,1,238.9999,0.6825213240390374
5,12,GB time only,5,7,1,1,239.9937,0.5995714898627815
5,12,GB time only,5,7,1,1,240.9994,0.6814651241181481
5,12,GB time only,5,7,1,1,241.9947,0.6240397835591642
5,12,GB time only,5,7,1,1,242.9996,0.585654298566775
5,12,GB time only,5,7,1,1,243.9935,0.585654298566775
5,12,GB time only,5,7,1,1,244.9977,0.6746046908164657
5,12,GB time only,5,7,1,1,246.0013,0.6746046908164657
5,12,GB time only,5,7,1,1,246.9993,0.5849118143290591
5,12,GB time only,5,7,1,1,247.9925,0.5849118143290591
5,12,GB time only,5,7,1,1,248.9948,0.6478215331540957
5,12,GB time only,5,7,1,1,250.0025,0.6110553038510402
5,12,GB time only,5,7,1,1,250.998,0.6584215679912768
5,12,GB time only,5,7,1,1,252.0027,0.5999718877204802
5,12,GB time only,5,7,1,1,252.9959,0.5999718877204802
5,12,GB time only,5,7,1,1,254.0011,0.6238250945545547
5,12,GB time only,5,7,1,1,254.9948,0.6345019862500014
5,12,GB time only,5,7,1,1,256.0013,0.6995917180734048
5,12,GB time only,5,7,1,1,256.994,0.6779618466415431
5,12,GB time only,5,7,1,1,258.0011,0.6121542937526055
5,12,GB time only,5,7,1,1,258.9933,0.6121542937526055
5,12,GB time only,5,7,1,1,259.9996,0.7084118128542439
5,12,GB time only,5,7,1,1,260.9945,0.628211306779289
5,12,GB time only,5,7,1,1,262.0007,0.634411548156142
5,12,GB time only,5,7,1,1,262.9942,0.634411548156142
5,12,GB time only,5,7,1,1,263.9989,0.634411548156142
5,12,GB time only,5,7,1,1,265.0031,0.6915255498885289
5,12,GB time only,5,7,1,1,265.9983,0.6615397299339116
5,12,GB time only,5,7,1,1,267.0032,0.6264703284356755
5,12,GB time only,5,7,1,1,267.9985,0.6264703284356755
5,12,GB time only,5,7,1,1,269.0014,0.6499695025668447
5,12,GB time only,5,7,1,1,269.9975,0.6852852324167049
5,12,GB time only,5,7,1,1,271.003,0.6259693676221213
5,12,GB time only,5,7,1,1,271.9947,0.6259693676221213
5,12,GB time only,5,7,1,1,273.0017,0.6598274730863541
5,12,GB time only,5,7,1,1,273.9952,0.625521742181373
5,12,GB time only,5,7,1,1,275.0027,0.6852022821725223
5,12,GB time only,5,7,1,1,275.9961,0.6535301097908162
5,12,GB time only,5,7,1,1,276.9996,0.6535301097908162
5,12,GB time only,5,7,1,1,277.9951,0.6616439192515192
5,12,GB time only,5,7,1,1,278.9993,0.7287196428625858
5,12,GB time only,5,7,1,1,279.9949,0.6784421063125577
5,12,GB time only,5,7,1,1,280.9994,0.6638960123479606
5,12,GB time only,5,7,1,1,282.0031,0.6638960123479606
5,12,GB time only,5,7,1,1,282.9984,0.7112128320511156
5,12,GB time only,5,7,1,1,283.9934,0.7047938080023296
5,12,GB time only,5,7,1,1,284.9965,0.6901915011878796
5,12,GB time only,5,7,1,1,285.9926,0.6901915011878796
5,12,GB time only,5,7,1,1,286.9979,0.7027525327186736
5,12,GB time only,5,7,1,1,288.0005,0.6805484755225367
5,12,GB time only,5,7,1,1,288.9972,0.6869040059719153
5,12,GB time only,5,7,1,1,289.9999,0.6869040059719153
5,12,GB time only,5,7,1,1,290.9973,0.6368293549559138
5,12,GB time only,5,7,1,1,292.0016,0.7478845128709911
5,12,GB time only,5,7,1,1,292.9963,0.7403518136636472
5,12,GB time only,5,7,1,1,294.0009,0.7403518136636472
5,12,GB time only,5,7,1,1,294.9931,0.7064451746864527
5,12,GB time only,5,7,1,1,296.0004,0.7704222233285379
5,12,GB time only,5,7,1,1,296.9958,0.7227850194413448
5,12,GB time only,5,7,1,1,297.9999,0.7227850194413448
5,12,GB time only,5,7,1,1,298.994,0.7155701114139101
5,12,GB time only,5,7,1,1,299.9984,0.7821694490601759
5,12,GB time only,5,7,1,1,300.9926,0.7401819994931896
5,12,GB time only,5,7,1,1,301.9978,0.7401819994931896
5,12,GB time only,12,18,0,0,0.0,0.0009450456346805458
5,12,GB time only,12,18,0,0,1.008357,0.0009450456346805458
5,12,GB time only,12,18,0,0,2.00824,0.0009450456346805458
5,12,GB time only,12,18,0,0,3.008948,0.0009450456346805458
5,12,GB time only,12,18,0,0,3.999748,0.03745088591805885
5,12,GB time only,12,18,0,0,4.999649,0.03745088591805885
5,12,GB time only,12,18,0,0,6.000401,0.038117301405044345
5,12,GB time only,12,18,0,0,6.999671,0.07341377439052786
5,12,GB time only,12,18,0,0,8.000978,0.11132681866884618
5,12,GB time only,12,18,0,0,9.002599,0.11132681866884618
5,12,GB time only,12,18,0,0,10.0028,0.10990394760746795
5,12,GB time only,12,18,0,0,11.00139,0.11120308162228458
5,12,GB time only,12,18,0,0,12.00211,0.1099316178639286
5,12,GB time only,12,18,0,0,13.00259,0.11115931086404506
5,12,GB time only,12,18,0,0,14.00278,0.1099316178639286
5,12,GB time only,12,18,0,0,15.00179,0.11172002697081407
5,12,GB time only,12,18,0,0,16.00156,0.14194298859693905
5,12,GB time only,12,18,0,0,17.0027,0.11254013901789027
5,12,GB time only,12,18,0,0,18.00079,0.07840779072176261
5,12,GB time only,12,18,0,0,19.00123,0.14227772494682853
5,12,GB time only,12,18,0,0,20.00084,0.11335611726143287
5,12,GB time only,12,18,0,0,21.00071,0.14189392072222393
5,12,GB time only,12,18,0,0,22.00156,0.11186772711395164
5,12,GB time only,12,18,0,0,23.00053,0.11041636262455745
5,12,GB time only,12,18,0,0,24.00102,0.1114945347158888
5,12,GB time only,12,18,0,0,25.00209,0.11041636262455745
5,12,GB time only,12,18,0,0,26.0016,0.1829771978827578
5,12,GB time only,12,18,0,0,27.00249,0.1829771978827578
5,12,GB time only,12,18,0,0,28.0012,0.1829771978827578
5,12,GB time only,12,18,0,0,29.00121,0.17980574695161533
5,12,GB time only,12,18,0,0,30.00123,0.21728413990543072
5,12,GB time only,12,18,0,0,31.00164,0.21373243874994063
5,12,GB time only,12,18,0,0,32.00216,0.21814921876408475
5,12,GB time only,12,18,0,0,33.00088,0.24212851653959022
5,12,GB time only,12,18,0,0,34.00269,0.21447069662179843
5,12,GB time only,12,18,0,0,35.00294,0.21893945571734139
5,12,GB time only,12,18,0,0,36.00311,0.21893945571734139
5,12,GB time only,12,18,0,0,37.00309,0.21893945571734139
5,12,GB time only,12,18,0,0,38.00405,0.2750905993821412
5,12,GB time only,12,18,0,0,39.00333,0.2212096405927547
5,12,GB time only,12,18,0,0,40.00485,0.2425805544519723
5,12,GB time only,12,18,0,0,41.00397,0.22242463657497666
5,12,GB time only,12,18,0,0,42.00266,0.22242463657497666
5,12,GB time only,12,18,0,0,43.00225,0.241921016265822
5,12,GB time only,12,18,0,0,44.00298,0.22280458913935208
5,12,GB time only,12,18,0,0,45.00437,0.24138283153939366
5,12,GB time only,12,18,0,0,46.00364,0.22320680832460252
5,12,GB time only,12,18,0,0,47.00359,0.24740626549596983
5,12,GB time only,12,18,0,0,48.0054,0.21818131072592056
5,12,GB time only,12,18,0,0,49.00593,0.2498004229613984
5,12,GB time only,12,18,0,0,50.00617,0.24855822417262716
5,12,GB time only,12,18,0,0,51.00528,0.2827478806963444
5,12,GB time only,12,18,0,0,52.00639,0.28209796842063894
5,12,GB time only,12,18,1,1,53.00624,0.28614791182541877
5,12,GB time only,12,18,1,1,54.00494,0.3108382916830926
5,12,GB time only,12,18,1,1,55.00533,0.3466992810804903
5,12,GB time only,12,18,1,1,56.00521,0.3466992810804903
5,12,GB time only,12,18,1,1,57.00574,0.29109017222679145
5,12,GB time only,12,18,1,1,58.0062,0.33825644017562473
5,12,GB time only,12,18,1,1,59.00651,0.2918834558028209
5,12,GB time only,12,18,1,1,60.0065,0.31178224324945103
5,12,GB time only,12,18,1,1,61.00676,0.37945445216978035
5,12,GB time only,12,18,1,1,62.00747,0.3449806987536209
5,12,GB time only,12,18,1,1,63.00783,0.349087194511607
5,12,GB time only,12,18,1,1,64.00652,0.3172168795969357
5,12,GB time only,12,18,1,1,65.00637,0.3516396324006964
5,12,GB time only,12,18,1,1,66.00661,0.377901377697929
5,12,GB time only,12,18,1,1,67.00733,0.31673149845272963
5,12,GB time only,12,18,1,1,68.0062,0.31673149845272963
5,12,GB time only,12,18,1,1,69.00656,0.3790809177000276
5,12,GB time only,12,18,1,1,70.00576,0.31644350762123397
5,12,GB time only,12,18,1,1,71.007,0.3794485507357084
5,12,GB time only,12,18,1,1,72.00552,0.37296929377190974
5,12,GB time only,12,18,1,1,73.00641,0.3575029548668928
5,12,GB time only,12,18,1,1,74.00616,0.3739492011038459
5,12,GB time only,12,18,1,1,75.00674,0.3739492011038459
5,12,GB time only,12,18,1,1,76.00529,0.3739492011038459
5,12,GB time only,12,18,1,1,77.00492,0.4195341833236583
5,12,GB time only,12,18,1,1,78.00499,0.4084938062184307
5,12,GB time only,12,18,1,1,79.00438,0.4128959855229928
5,12,GB time only,12,18,1,1,80.00517,0.4092775264642276
5,12,GB time only,12,18,1,1,81.00525,0.4127855363235477
5,12,GB time only,12,18,1,1,82.00571,0.409499781851698
5,12,GB time only,12,18,1,1,83.0059,0.4454378157660526
5,12,GB time only,12,18,1,1,84.00636,0.46150311983166287
5,12,GB time only,12,18,1,1,85.00627,0.4203988785251571
5,12,GB time only,12,18,1,1,86.00544,0.44671892899100885
5,12,GB time only,12,18,1,1,87.00535,0.44671892899100885
5,12,GB time only,12,18,1,1,88.00661,0.5181502361374252
5,12,GB time only,12,18,1,1,89.00671,0.3886562491178284
5,12,GB time only,12,18,1,1,90.0069,0.4900532573504706
5,12,GB time only,12,18,1,1,91.00655,0.45128285012511565
5,12,GB time only,12,18,1,1,92.00586,0.5459619498312903
5,12,GB time only,12,18,1,1,93.00626,0.5067585799430911
5,12,GB time only,12,18,1,1,94.00586,0.4539686392459521
5,12,GB time only,12,18,1,1,95.00709,0.49169952753403023
5,12,GB time only,12,18,1,1,96.00739,0.4804758221938315
5,12,GB time only,12,18,1,1,97.00674,0.4804758221938315
5,12,GB time only,12,18,1,1,98.00808,0.6022400255410831
5,12,GB time only,12,18,1,1,99.00751,0.481106626143553
5,12,GB time only,12,18,1,1,100.0077,0.5503908700338717
5,12,GB time only,12,18,1,1,101.0096,0.5723840452938955
5,12,GB time only,12,18,1,1,102.0074,0.5108692751545084
5,12,GB time only,12,18,1,1,103.0078,0.5322457863436941
5,12,GB time only,12,18,1,1,104.0074,0.48293855938268565
5,12,GB time only,12,18,1,1,105.0075,0.4966125444796629
5,12,GB time only,12,18,1,1,106.0091,0.5055064407149439
5,12,GB time only,12,18,1,1,107.0098,0.5055064407149439
5,12,GB time only,12,18,1,2,108.0099,0.5173224070105917
5,12,GB time only,12,18,1,2,109.0091,0.45326830626311704
5,12,GB time only,12,18,1,2,110.0078,0.49676718105672796
5,12,GB time only,12,18,1,2,111.0087,0.49676718105672796
5,12,GB time only,12,18,1,2,112.0099,0.545218920032388
5,12,GB time only,12,18,1,2,113.0093,0.545218920032388
5,12,GB time only,12,18,1,2,114.009,0.4769703901279561
5,12,GB time only,12,18,1,2,115.0081,0.4530544908847998
5,12,GB time only,12,18,1,2,116.0078,0.4900976837341113
5,12,GB time only,12,18,1,2,117.0074,0.4900976837341113
5,12,GB time only,12,18,1,2,118.0071,0.47626127335332535
5,12,GB time only,12,18,1,2,119.0083,0.4296352894972351
5,12,GB time only,12,18,1,2,120.009,0.4296352894972351
5,12,GB time only,12,18,1,2,120.9984,0.4296352894972351
5,12,GB time only,12,18,1,2,122.0074,0.4660736499824266
5,12,GB time only,12,18,1,2,123.0077,0.5005219559032946
5,12,GB time only,12,18,1,2,123.9986,0.4727467315428633
5,12,GB time only,12,18,1,2,125.0092,0.4923170148394927
5,12,GB time only,12,18,1,2,125.9986,0.4923170148394927
5,12,GB time only,12,18,1,2,126.9988,0.4923170148394927
5,12,GB time only,12,18,1,2,127.9989,0.49442795357338953
5,12,GB time only,12,18,1,2,128.9988,0.5260097680031871
5,12,GB time only,12,18,1,2,129.9991,0.4757466616676379
5,12,GB time only,12,18,1,2,130.9994,0.4757466616676379
5,12,GB time only,12,18,1,2,131.999,0.5075645707164409
5,12,GB time only,12,18,1,2,132.9998,0.5516966292438422
5,12,GB time only,12,18,1,2,133.9993,0.5516966292438422
5,12,GB time only,12,18,1,2,134.9985,0.5581198662908533
5,12,GB time only,12,18,1,2,135.9998,0.5581198662908533
5,12,GB time only,12,18,1,2,136.9992,0.5450559055170001
5,12,GB time only,12,18,1,2,137.9989,0.5641984005574555
5,12,GB time only,12,18,1,2,138.9988,0.5704014694058066
5,12,GB time only,12,18,1,2,139.9986,0.5643962944970041
5,12,GB time only,12,18,1,2,140.9988,0.5547314395517353
5,12,GB time only,12,18,1,2,141.9991,0.5547314395517353
5,12,GB time only,12,18,1,2,142.9998,0.5469376221787642
5,12,GB time only,12,18,1,2,143.9999,0.5779656358127641
5,12,GB time only,12,18,1,2,145.0001,0.5843318811284693
5,12,GB time only,12,18,1,2,146.001,0.5562719836160844
5,12,GB time only,12,18,1,2,147.0007,0.5562719836160844
5,12,GB time only,12,18,1,2,148.0004,0.5562719836160844
5,12,GB time only,12,18,1,2,149.001,0.5758224859795738
5,12,GB time only,12,18,1,2,150.0006,0.5758224859795738
5,12,GB time only,12,18,1,2,151.0011,0.546023392386463
5,12,GB time only,12,18,1,2,152.0004,0.5541709661301306
5,12,GB time only,12,18,1,2,153.001,0.5541709661301306
5,12,GB time only,12,18,1,2,154.0011,0.5850229963001197
5,12,GB time only,12,18,1,2,155.0003,0.5699227189226169
5,12,GB time only,12,18,1,2,156.001,0.5753716710688643
5,12,GB time only,12,18,1,2,156.9993,0.5331553247585777
5,12,GB time only,12,18,1,2,157.9988,0.5331553247585777
5,12,GB time only,12,18,1,2,159.0003,0.6239110935140204
5,12,GB time only,12,18,1,2,160.0008,0.6337771625959634
5,12,GB time only,12,18,1,2,160.9996,0.6466214104865069
5,12,GB time only,12,18,1,2,162.0001,0.6466214104865069
5,12,GB time only,12,18,1,2,163.0001,0.6466214104865069
5,12,GB time only,12,18,1,2,164.0005,0.6154659236645514
5,12,GB time only,12,18,1,2,165.0004,0.622950948987132
5,12,GB time only,12,18,1,2,166.0017,0.6539333761456756
5,12,GB time only,12,18,1,2,167.0011,0.6490276440377702
5,12,GB time only,12,18,1,2,168.0008,0.6356988324791446
5,12,GB time only,12,18,1,2,168.9998,0.6356988324791446
5,12,GB time only,12,18,1,2,170.0002,0.6150288839433641
5,12,GB time only,12,18,1,2,170.9997,0.6368172666693257
5,12,GB time only,12,18,1,2,172.0014,0.6368172666693257
5,12,GB time only,12,18,1,2,173.0018,0.6445082373980849
5,12,GB time only,12,18,1,2,174.0013,0.6445082373980849
5,12,GB time only,12,18,1,2,175.0014,0.6141316969445089
5,12,GB time only,12,18,1,2,176.0028,0.6694093644960347
5,12,GB time only,12,18,1,2,177.0029,0.6383799156136667
5,12,GB time only,12,18,1,2,178.0038,0.6458451134534388
5,12,GB time only,12,18,1,2,179.0038,0.6152053502365865
5,12,GB time only,12,18,1,2,180.0031,0.6152053502365865
5,12,GB time only,12,18,1,2,181.0029,0.6253929233576463
5,12,GB time only,12,18,1,2,182.0026,0.643405462958719
5,12,GB time only,12,18,1,2,183.0027,0.6161076084610285
5,12,GB time only,12,18,1,2,184.0022,0.6484376378047855
5,12,GB time only,12,18,1,2,185.0028,0.6484376378047855
5,12,GB time only,12,18,1,2,186.0024,0.6556913641371679
5,12,GB time only,12,18,1,2,187.0021,0.6027991946855823
5,12,GB time only,12,18,1,2,188.0025,0.6558794647140861
5,12,GB time only,12,18,1,3,189.0021,0.6288576476180749
5,12,GB time only,12,18,1,3,190.0029,0.657055292259132
5,12,GB time only,12,18,1,3,191.0034,0.657055292259132
5,12,GB time only,12,18,1,3,192.002,0.6536936179339509
5,12,GB time only,12,18,1,3,193.0013,0.699669115966845
5,12,GB time only,12,18,1,3,194.0016,0.6875367392966966
5,12,GB time only,12,18,1,3,195.0015,0.6271116128728426
5,12,GB time only,12,18,1,3,196.0016,0.6271116128728426
5,12,GB time only,12,18,1,3,197.0011,0.7326884559245208
5,12,GB time only,12,18,1,3,198.0019,0.6268804281329231
5,12,GB time only,12,18,1,3,199.0027,0.6840573849687024
5,12,GB time only,12,18,1,3,200.0016,0.6840573849687024
5,12,GB time only,12,18,1,3,201.0032,0.67831453865203
5,12,GB time only,12,18,1,1,202.0032,0.6264129361495032
5,12,GB time only,12,18,1,1,203.0031,0.7094356707068684
5,12,GB time only,12,18,1,1,204.0051,0.5990223038796921
5,12,GB time only,12,18,1,1,205.0046,0.6348301860108577
5,12,GB time only,12,18,1,1,206.0048,0.6573641102487264
5,12,GB time only,12,18,1,1,207.0044,0.6573641102487264
5,12,GB time only,12,18,1,1,208.0034,0.625969694101191
5,12,GB time only,12,18,1,1,209.0041,0.6335553176365171
5,12,GB time only,12,18,1,1,210.0043,0.6004118919674809
5,12,GB time only,12,18,1,1,211.0044,0.6721290238055283
5,12,GB time only,12,18,1,1,212.0051,0.6721290238055283
5,12,GB time only,12,18,1,1,213.0056,0.6263213615226262
5,12,GB time only,12,18,1,1,214.004,0.6319885964187282
5,12,GB time only,12,18,1,1,215.0044,0.6276656953466437
5,12,GB time only,12,18,1,1,216.0038,0.631998095111967
5,12,GB time only,12,18,1,1,217.0047,0.6278422610949638
5,12,GB time only,12,18,1,1,218.0059,0.6278422610949638
5,12,GB time only,12,18,1,1,219.0059,0.6347813397128363
5,12,GB time only,12,18,1,1,220.0052,0.6452722259377364
5,12,GB time only,12,18,1,1,221.0061,0.6354709150098159
5,12,GB time only,12,18,1,1,222.0059,0.6000753705687153
5,12,GB time only,12,18,1,1,223.0056,0.6970425960610958
5,12,GB time only,12,18,1,1,224.0057,0.6970425960610958
5,12,GB time only,12,18,1,1,225.0056,0.6231295701797526
5,12,GB time only,12,18,1,1,226.0055,0.6358161552183732
5,12,GB time only,12,18,1,1,227.0059,0.6358161552183732
5,12,GB time only,12,18,1,1,228.005,0.6358161552183732
5,12,GB time only,12,18,1,1,229.0065,0.627875951798583
5,12,GB time only,12,18,1,1,230.0075,0.6345581875107251
5,12,GB time only,12,18,1,1,231.0063,0.6460960678425103
5,12,GB time only,12,18,1,1,232.0068,0.6244299383189034
5,12,GB time only,12,18,1,1,233.0066,0.6375671275605584
5,12,GB time only,12,18,1,1,234.0066,0.6375671275605584
5,12,GB time only,12,18,1,1,235.0065,0.6722357830298021
5,12,GB time only,12,18,1,1,236.0055,0.58666921067772
5,12,GB time only,12,18,1,1,237.0056,0.5968148679980353
5,12,GB time only,12,18,1,1,238.0052,0.6825213240390374
5,12,GB time only,12,18,1,1,239.0056,0.6825213240390374
5,12,GB time only,12,18,1,1,240.0051,0.5995714898627815
5,12,GB time only,12,18,1,1,241.0055,0.6814651241181481
5,12,GB time only,12,18,1,1,242.0062,0.6240397835591642
5,12,GB time only,12,18,1,2,243.0076,0.585654298566775
5,12,GB time only,12,18,1,2,244.0073,0.6746046908164657
5,12,GB time only,12,18,1,2,245.0063,0.6746046908164657
5,12,GB time only,12,18,1,2,246.0071,0.6746046908164657
5,12,GB time only,12,18,1,2,247.0066,0.5849118143290591
5,12,GB time only,12,18,1,2,248.0063,0.6478215331540957
5,12,GB time only,12,18,1,2,249.0063,0.6110553038510402
5,12,GB time only,12,18,1,2,250.0067,0.6110553038510402
5,12,GB time only,12,18,1,2,251.0069,0.6584215679912768
5,12,GB time only,12,18,1,2,252.0063,0.5999718877204802
5,12,GB time only,12,18,1,2,253.0062,0.6238250945545547
5,12,GB time only,12,18,1,2,254.007,0.6345019862500014
5,12,GB time only,12,18,1,3,255.0065,0.6345019862500014
5,12,GB time only,12,18,1,3,256.0077,0.6995917180734048
5,12,GB time only,12,18,1,3,257.0081,0.6779618466415431
5,12,GB time only,12,18,1,3,258.0063,0.6121542937526055
5,12,GB time only,12,18,1,3,259.008,0.7084118128542439
5,12,GB time only,12,18,1,3,260.007,0.7084118128542439
5,12,GB time only,12,18,1,3,261.0075,0.628211306779289
5,12,GB time only,12,18,1,3,262.0077,0.634411548156142
5,12,GB time only,12,18,1,3,263.0085,0.634411548156142
5,12,GB time only,12,18,1,3,264.0075,0.634411548156142
5,12,GB time only,12,18,1,3,265.0075,0.6915255498885289
5,12,GB time only,12,18,1,3,266.0073,0.6615397299339116
5,12,GB time only,12,18,1,3,267.0079,0.6264703284356755
5,12,GB time only,12,18,1,3,268.0078,0.6499695025668447
5,12,GB time only,12,18,1,3,269.0071,0.6499695025668447
5,12,GB time only,12,18,1,3,270.0084,0.6852852324167049
5,12,GB time only,12,18,1,3,271.0077,0.6259693676221213
5,12,GB time only,12,18,1,3,272.0077,0.6598274730863541
5,12,GB time only,12,18,1,3,273.0062,0.6598274730863541
5,12,GB time only,12,18,1,3,274.0075,0.625521742181373
5,12,GB time only,12,18,1,3,275.0082,0.6852022821725223
5,12,GB time only,12,18,1,3,276.0084,0.6535301097908162
5,12,GB time only,12,18,1,3,277.008,0.6616439192515192
5,12,GB time only,12,18,1,3,278.0078,0.6616439192515192
5,12,GB time only,12,18,1,3,279.0087,0.7287196428625858
5,12,GB time only,12,18,1,3,279.9987,0.6784421063125577
5,12,GB time only,12,18,1,3,280.9984,0.6784421063125577
5,12,GB time only,12,18,1,3,282.0078,0.7112128320511156
5,12,GB time only,12,18,1,3,283.0088,0.7112128320511156
5,12,GB time only,12,18,1,3,284.0084,0.7047938080023296
5,12,GB time only,12,18,1,3,285.0089,0.6901915011878796
5,12,GB time only,12,18,1,3,286.0092,0.7027525327186736
5,12,GB time only,12,18,1,3,287.0081,0.7027525327186736
5,12,GB time only,12,18,1,3,288.0087,0.6805484755225367
5,12,GB time only,12,18,1,3,289.0087,0.6869040059719153
5,12,GB time only,12,18,1,3,290.0087,0.6368293549559138
5,12,GB time only,12,18,1,3,290.9989,0.6368293549559138
5,12,GB time only,12,18,1,3,291.9995,0.7478845128709911
5,12,GB time only,12,18,1,3,293.0102,0.7403518136636472
5,12,GB time only,12,18,1,3,293.9985,0.7403518136636472
5,12,GB time only,12,18,1,3,295.0103,0.7704222233285379
5,12,GB time only,12,18,1,3,296.0102,0.7704222233285379
5,12,GB time only,12,18,1,3,297.0093,0.7227850194413448
5,12,GB time only,12,18,1,3,297.9989,0.7227850194413448
5,12,GB time only,12,18,1,3,298.9991,0.7155701114139101
5,12,GB time only,12,18,1,3,299.9987,0.7821694490601759
5,12,GB time only,12,18,1,3,300.9995,0.7401819994931896
5,12,GB time only,12,18,1,3,302.0092,0.7401819994931896
5,12,RF+GB,5,7,0,0,0.0,0.003604837045677181
5,12,RF+GB,5,7,0,0,0.9979449,0.003040372396370745
5,12,RF+GB,5,7,0,0,1.994617,0.0010443827822319194
5,12,RF+GB,5,7,0,0,3.0001,0.00032601169135403464
5,12,RF+GB,5,7,0,0,3.992538,0.0003465579358641445
5,12,RF+GB,5,7,0,0,4.998353,0.026733481794412498
5,12,RF+GB,5,7,0,0,5.994089,0.03742005235793711
5,12,RF+GB,5,7,0,0,6.999735,0.05247632410333027
5,12,RF+GB,5,7,0,0,7.992708,0.04786854097397028
5,12,RF+GB,5,7,0,0,8.99801,0.06849471527432376
5,12,RF+GB,5,7,0,0,9.992953,0.06567286935480587
5,12,RF+GB,5,7,0,0,10.99727,0.0806816252569281
5,12,RF+GB,5,7,0,0,12.00375,0.09801115974743002
5,12,RF+GB,5,7,0,0,12.99432,0.1104501830354727
5,12,RF+GB,5,7,0,0,14.00173,0.10075189846572277
5,12,RF+GB,5,7,0,0,14.99507,0.09426486634215543
5,12,RF+GB,5,7,0,0,16.00235,0.09320855551071516
5,12,RF+GB,5,7,0,0,16.9948,0.09091482000008877
5,12,RF+GB,5,7,0,0,17.99868,0.08517378321241953
5,12,RF+GB,5,7,0,0,18.99538,0.06892788273557104
5,12,RF+GB,5,7,0,0,19.99832,0.09583296269623467
5,12,RF+GB,5,7,0,0,20.9952,0.0762416460513649
5,12,RF+GB,5,7,0,0,22.00016,0.07177347724066191
5,12,RF+GB,5,7,0,0,22.9937,0.05790867893469059
5,12,RF+GB,5,7,0,0,23.99834,0.053211723121269094
5,12,RF+GB,5,7,0,0,24.99279,0.04929529413763843
5,12,RF+GB,5,7,0,0,25.99831,0.051641841339091964
5,12,RF+GB,5,7,0,0,27.00385,0.05062778152415548
5,12,RF+GB,5,7,0,0,27.99797,0.0541991415539845
5,12,RF+GB,5,7,0,0,29.00375,0.045978858581126617
5,12,RF+GB,5,7,0,0,29.99829,0.03507017010644822
5,12,RF+GB,5,7,0,0,31.0024,0.033400341410809574
5,12,RF+GB,5,7,0,0,31.99665,0.03678488604001004
5,12,RF+GB,5,7,0,0,33.00146,0.032265658626186994
5,12,RF+GB,5,7,0,0,33.99636,0.032101453878603026
5,12,RF+GB,5,7,0,0,35.00234,0.03119294246188213
5,12,RF+GB,5,7,0,0,35.99362,0.033586107396488665
5,12,RF+GB,5,7,0,0,37.00188,0.04448768390319099
5,12,RF+GB,5,7,0,0,37.99537,0.04617502604118402
5,12,RF+GB,5,7,0,0,39.00058,0.043486730156701035
5,12,RF+GB,5,7,0,0,39.99454,0.04608944243813809
5,12,RF+GB,5,7,0,0,41.00016,0.05042831699590396
5,12,RF+GB,5,7,0,0,41.99364,0.05898473760863693
5,12,RF+GB,5,7,0,0,42.99908,0.05305375391899905
5,12,RF+GB,5,7,0,0,43.9943,0.05228916693656992
5,12,RF+GB,5,7,0,0,44.9986,0.051368073518988124
5,12,RF+GB,5,7,0,0,45.99447,0.04992017286848867
5,12,RF+GB,5,7,0,0,46.99823,0.04591993132508384
5,12,RF+GB,5,7,0,0,48.00225,0.04810250182414577
5,12,RF+GB,5,7,0,0,48.99792,0.04027947587277059
5,12,RF+GB,5,7,0,0,49.99257,0.03931786084041581
5,12,RF+GB,5,7,0,0,50.99813,0.033802299824854797
5,12,RF+GB,5,7,0,0,52.00381,0.03460929266515635
5,12,RF+GB,5,7,0,0,52.99578,0.031410242047886984
5,12,RF+GB,5,7,0,0,54.0017,0.026931908235560256
5,12,RF+GB,5,7,0,0,54.99515,0.02278801082920333
5,12,RF+GB,5,7,0,0,56.00211,0.024189735357741573
5,12,RF+GB,5,7,0,0,56.99607,0.023856177022264693
5,12,RF+GB,5,7,0,0,58.00155,0.020862135444190702
5,12,RF+GB,5,7,0,0,58.99435,0.019188320448135676
5,12,RF+GB,5,7,0,0,60.0008,0.01925117232372673
5,12,RF+GB,5,7,0,0,60.994,0.019253548390411438
5,12,RF+GB,5,7,0,0,61.99949,0.019211723564607576
5,12,RF+GB,5,7,0,0,62.99507,0.02021087291992096
5,12,RF+GB,5,7,0,0,63.99815,0.021931236914555795
5,12,RF+GB,5,7,0,0,64.99374,0.0216124123076223
5,12,RF+GB,5,7,0,0,65.99939,0.019277549873653203
5,12,RF+GB,5,7,0,0,66.9928,0.0185773224712756
5,12,RF+GB,5,7,0,0,67.99718,0.020367385459663104
5,12,RF+GB,5,7,0,0,69.00393,0.023524754995545384
5,12,RF+GB,5,7,0,0,69.99723,0.023812817690070678
5,12,RF+GB,5,7,0,0,71.00259,0.02748886903702262
5,12,RF+GB,5,7,0,0,71.99445,0.026722368143961693
5,12,RF+GB,5,7,0,0,73.00022,0.02938779023046094
5,12,RF+GB,5,7,0,0,73.99709,0.040339580710605824
5,12,RF+GB,5,7,0,0,75.00314,0.03537169696662634
5,12,RF+GB,5,7,0,0,75.99519,0.032559405552657114
5,12,RF+GB,5,7,0,0,76.99998,0.0333118986451346
5,12,RF+GB,5,7,0,0,77.99554,0.034938943222456796
5,12,RF+GB,5,7,0,0,79.00001,0.031652148239706135
5,12,RF+GB,5,7,0,0,79.99461,0.031192927340512742
5,12,RF+GB,5,7,0,0,81.00056,0.03670343692439972
5,12,RF+GB,5,7,0,0,82.00359,0.03356984435834771
5,12,RF+GB,5,7,0,0,82.99943,0.032915328305244074
5,12,RF+GB,5,7,0,0,83.99486,0.02833785751645883
5,12,RF+GB,5,7,0,0,85.00007,0.03344749962233577
5,12,RF+GB,5,7,0,0,86.00393,0.03344571863118019
5,12,RF+GB,5,7,0,0,86.99812,0.033401295754542794
5,12,RF+GB,5,7,0,0,87.99282,0.038448803880214176
5,12,RF+GB,5,7,0,0,88.99699,0.0384012957545428
5,12,RF+GB,5,7,0,0,90.00186,0.037714245526844443
5,12,RF+GB,5,7,0,0,90.99645,0.03606631980876007
5,12,RF+GB,5,7,0,0,92.00201,0.03984525875082813
5,12,RF+GB,5,7,0,0,92.99689,0.04492271299438225
5,12,RF+GB,5,7,0,0,94.00135,0.04285895190937111
5,12,RF+GB,5,7,0,0,94.9968,0.0466438602222192
5,12,RF+GB,5,7,0,0,96.00082,0.04864267545602721
5,12,RF+GB,5,7,0,0,96.99449,0.04517915959173577
5,12,RF+GB,5,7,0,0,98.00054,0.044505159216362174
5,12,RF+GB,5,7,0,0,98.99588,0.04391903705166843
5,12,RF+GB,5,7,0,0,100.0011,0.04742123135539849
5,12,RF+GB,5,7,0,0,100.9948,0.05104168547100329
5,12,RF+GB,5,7,0,0,101.9992,0.05036897075668771
5,12,RF+GB,5,7,0,0,103.0026,0.046980418034152864
5,12,RF+GB,5,7,0,0,103.9996,0.04681004824156343
5,12,RF+GB,5,7,0,0,104.9937,0.045548809053814684
5,12,RF+GB,5,7,0,0,105.999,0.045548809053814684
5,12,RF+GB,5,7,0,0,106.9934,0.04558078691853234
5,12,RF+GB,5,7,0,0,107.9972,0.04651339671195269
5,12,RF+GB,5,7,0,0,109.0041,0.049846730045286024
5,12,RF+GB,5,7,0,0,109.9973,0.050580786918532336
5,12,RF+GB,5,7,0,0,111.0035,0.051273534314349195
5,12,RF+GB,5,7,0,0,111.9956,0.051296879691121955
5,12,RF+GB,5,7,0,0,113.0022,0.05214103999241653
5,12,RF+GB,5,7,0,0,113.9961,0.05030842497194867
5,12,RF+GB,5,7,0,0,115.0029,0.05340551233551778
5,12,RF+GB,5,7,0,0,115.9965,0.0730209374265218
5,12,RF+GB,5,7,0,0,117.001,0.09902529210646327
5,12,RF+GB,5,7,0,0,117.9928,0.10854889091949511
5,12,RF+GB,5,7,0,0,119.0004,0.1365349789106108
5,12,RF+GB,5,7,0,0,119.9944,0.1389545615328676
5,12,RF+GB,5,7,0,0,120.9998,0.1346707686863967
5,12,RF+GB,5,7,0,0,121.9927,0.18860568600547775
5,12,RF+GB,5,7,0,0,122.9995,0.18912863178905498
5,12,RF+GB,5,7,0,0,123.9934,0.18149631221914234
5,12,RF+GB,5,7,0,0,124.9973,0.1798296455524757
5,12,RF+GB,5,7,0,0,125.9932,0.17671873191902665
5,12,RF+GB,5,7,0,0,126.9995,0.18177669698591292
5,12,RF+GB,5,7,0,0,127.9935,0.17943493740860927
5,12,RF+GB,5,7,0,0,128.9974,0.17448578366841075
5,12,RF+GB,5,7,0,0,129.9926,0.17141295060125925
5,12,RF+GB,5,7,0,0,130.9946,0.1679896675486698
5,12,RF+GB,5,7,0,0,132.0014,0.17530466417906343
5,12,RF+GB,5,7,0,0,132.9977,0.17545859541068892
5,12,RF+GB,5,7,0,0,134.0006,0.17266787400366757
5,12,RF+GB,5,7,0,0,134.9947,0.17210661460500393
5,12,RF+GB,5,7,0,0,135.9991,0.16720033994755243
5,12,RF+GB,5,7,0,0,136.9946,0.1643843114608734
5,12,RF+GB,5,7,0,0,138.0004,0.16056428983137977
5,12,RF+GB,5,7,0,0,138.9938,0.16448710795355614
5,12,RF+GB,5,7,0,0,139.9987,0.16552934694948962
5,12,RF+GB,5,7,0,0,141.0029,0.1693395021551824
5,12,RF+GB,5,7,0,0,141.998,0.17440860547646633
5,12,RF+GB,5,7,0,0,143.0033,0.17283717607643245
5,12,RF+GB,5,7,0,0,143.9993,0.1696890751984403
5,12,RF+GB,5,7,0,0,144.9935,0.16871012843892658
5,12,RF+GB,5,7,0,0,145.9986,0.17105202008062012
5,12,RF+GB,5,7,0,0,146.9928,0.16444210484751237
5,12,RF+GB,5,7,0,0,147.9981,0.16632693125737952
5,12,RF+GB,5,7,0,0,149.0022,0.1642498817403096
5,12,RF+GB,5,7,0,0,149.9987,0.16757181100678142
5,12,RF+GB,5,7,0,0,151.0019,0.1791504842968852
5,12,RF+GB,5,7,0,0,151.9956,0.17439671092539447
5,12,RF+GB,5,7,0,0,153.0024,0.17623042455192647
5,12,RF+GB,5,7,0,0,153.9956,0.16918539999372473
5,12,RF+GB,5,7,0,0,155.0018,0.16995358864533902
5,12,RF+GB,5,7,0,0,155.9956,0.18538686280506292
5,12,RF+GB,5,7,0,0,156.9987,0.18615586115341431
5,12,RF+GB,5,7,0,0,157.9938,0.1929975547885715
5,12,RF+GB,5,7,0,0,158.9985,0.19410136696444427
5,12,RF+GB,5,7,0,0,159.9931,0.20649717406334056
5,12,RF+GB,5,7,0,0,160.9992,0.2008457281333464
5,12,RF+GB,5,7,0,0,162.0035,0.19597212015918059
5,12,RF+GB,5,7,0,0,162.9995,0.19296327444427
5,12,RF+GB,5,7,0,0,163.9937,0.1940391743213612
5,12,RF+GB,5,7,0,0,164.9992,0.18726033146300955
5,12,RF+GB,5,7,0,0,166.0039,0.1989403813495585
5,12,RF+GB,5,7,0,0,166.9984,0.19810243406288872
5,12,RF+GB,5,7,0,0,167.9929,0.20962649893516194
5,12,RF+GB,5,7,0,0,168.997,0.1932229223683288
5,12,RF+GB,5,7,0,0,170.0035,0.19180087130259732
5,12,RF+GB,5,7,0,0,170.9975,0.19989530763049881
5,12,RF+GB,5,7,0,0,172.001,0.19285975960571594
5,12,RF+GB,5,7,0,0,172.9949,0.19536244306899855
5,12,RF+GB,5,7,0,0,174.0025,0.19418892824219836
5,12,RF+GB,5,7,0,0,174.9966,0.20069889319221343
5,12,RF+GB,5,7,0,0,176.0022,0.19615066191092548
5,12,RF+GB,5,7,0,0,176.9957,0.19792194715159075
5,12,RF+GB,5,7,0,0,178.0007,0.19583803674100797
5,12,RF+GB,5,7,0,0,178.996,0.17896728773823625
5,12,RF+GB,5,7,0,0,180.0002,0.1862622400481681
5,12,RF+GB,5,7,0,0,180.9951,0.1969989132986877
5,12,RF+GB,5,7,0,0,181.9999,0.22081679279162672
5,12,RF+GB,5,7,0,0,182.9938,0.2237405475549703
5,12,RF+GB,5,7,0,0,183.9994,0.27222235542651463
5,12,RF+GB,5,7,0,0,184.9946,0.29173070544838836
5,12,RF+GB,5,7,0,0,185.9985,0.4316179208674075
5,12,RF+GB,5,7,0,0,187.0036,0.4213928280570375
5,12,RF+GB,5,7,0,0,187.9986,0.45846871410305934
5,12,RF+GB,5,7,0,0,188.994,0.571584568402971
5,12,RF+GB,5,7,0,0,189.9969,0.5785974236513558
5,12,RF+GB,5,7,0,0,191.0028,0.579351015848724
5,12,RF+GB,5,7,0,0,191.9973,0.548617279599492
5,12,RF+GB,5,7,0,0,193.0028,0.5676109720886187
5,12,RF+GB,5,7,0,0,193.9961,0.6867072780380763
5,12,RF+GB,5,7,0,0,195.0002,0.6976226531210719
5,12,RF+GB,5,7,0,0,195.9969,0.7008054809816493
5,12,RF+GB,5,7,0,0,197.0008,0.6963328678287897
5,12,RF+GB,5,7,0,0,197.996,0.6914079638038707
5,12,RF+GB,5,7,0,0,199.0008,0.7076163638684898
5,12,RF+GB,5,7,0,0,199.9948,0.7120000030958984
5,12,RF+GB,5,7,0,0,201.001,0.7126672651983013
5,12,RF+GB,5,7,0,0,201.9949,0.7162454835718077
5,12,RF+GB,5,7,0,0,202.9978,0.7162682626811425
5,12,RF+GB,5,7,0,0,203.994,0.7169443599159697
5,12,RF+GB,5,7,0,0,204.9967,0.7197657195239526
5,12,RF+GB,5,7,0,0,205.9934,0.7224285087365723
5,12,RF+GB,5,7,0,0,207.0,0.7068732126725763
5,12,RF+GB,5,7,0,0,208.0029,0.7122774218523633
5,12,RF+GB,5,7,0,0,208.9988,0.7101635515326954
5,12,RF+GB,5,7,0,0,210.0011,0.7051484905058119
5,12,RF+GB,5,7,0,0,210.9983,0.6649482711555017
5,12,RF+GB,5,7,0,0,212.0021,0.6595291551743374
5,12,RF+GB,5,7,0,0,212.9966,0.6652952432785861
5,12,RF+GB,5,7,0,0,214.0021,0.6591625570510757
5,12,RF+GB,5,7,0,0,214.9953,0.6764901669718606
5,12,RF+GB,5,7,0,0,216.0009,0.6751254981687931
5,12,RF+GB,5,7,0,0,216.996,0.5518471641209988
5,12,RF+GB,5,7,0,0,218.0005,0.648303377059976
5,12,RF+GB,5,7,1,1,218.9956,0.6374340196328094
5,12,RF+GB,5,7,1,1,219.9999,0.6325052057594567
5,12,RF+GB,5,7,1,1,220.9944,0.6295301037157914
5,12,RF+GB,5,7,1,1,221.9987,0.6282733537649727
5,12,RF+GB,5,7,1,1,223.0024,0.6363563695101337
5,12,RF+GB,5,7,1,1,223.999,0.6261930140283773
5,12,RF+GB,5,7,1,1,224.994,0.6049726736130585
5,12,RF+GB,5,7,1,1,225.9992,0.6216789111244045
5,12,RF+GB,5,7,1,1,226.9933,0.6253342774007197
5,12,RF+GB,5,7,1,1,227.9978,0.6193783610208874
5,12,RF+GB,5,7,1,1,228.9928,0.6336676462338536
5,12,RF+GB,5,7,1,1,229.9977,0.6483854450775695
5,12,RF+GB,5,7,1,1,231.0025,0.6424695345842848
5,12,RF+GB,5,7,1,1,231.9957,0.6858529884522372
5,12,RF+GB,5,7,1,1,233.0028,0.6463055270447826
5,12,RF+GB,5,7,1,1,233.996,0.6441362012509514
5,12,RF+GB,5,7,1,1,235.002,0.6479994868707206
5,12,RF+GB,5,7,1,1,235.9946,0.642509840659163
5,12,RF+GB,5,7,1,1,237.0005,0.6415431164678043
5,12,RF+GB,5,7,1,1,237.9957,0.6340801539168647
5,12,RF+GB,5,7,1,1,238.9999,0.6175917142655077
5,12,RF+GB,5,7,1,1,239.9937,0.6153136791839364
5,12,RF+GB,5,7,1,1,240.9994,0.6360643135781658
5,12,RF+GB,5,7,1,1,241.9947,0.6300217723777398
5,12,RF+GB,5,7,1,1,242.9996,0.6206728379731463
5,12,RF+GB,5,7,1,1,243.9935,0.6351091284679513
5,12,RF+GB,5,7,1,1,244.9977,0.6343301995082643
5,12,RF+GB,5,7,1,1,246.0013,0.6491081569572195
5,12,RF+GB,5,7,1,1,246.9993,0.6592182838782485
5,12,RF+GB,5,7,1,1,247.9925,0.6638738234371009
5,12,RF+GB,5,7,1,1,248.9948,0.6690476558781022
5,12,RF+GB,5,7,1,1,250.0025,0.6517927873545
5,12,RF+GB,5,7,1,1,250.998,0.6466579003519977
5,12,RF+GB,5,7,1,1,252.0027,0.6504233134320083
5,12,RF+GB,5,7,1,1,252.9959,0.6506741284064839
5,12,RF+GB,5,7,1,1,254.0011,0.6460904571633749
5,12,RF+GB,5,7,1,1,254.9948,0.6588915950874965
5,12,RF+GB,5,7,1,1,256.0013,0.6568738831002284
5,12,RF+GB,5,7,1,1,256.994,0.6547272574602513
5,12,RF+GB,5,7,1,1,258.0011,0.6525060474349398
5,12,RF+GB,5,7,1,1,258.9933,0.6561029918750765
5,12,RF+GB,5,7,1,1,259.9996,0.6566716988387261
5,12,RF+GB,5,7,1,1,260.9945,0.6523393734950875
5,12,RF+GB,5,7,1,1,262.0007,0.6504289565185368
5,12,RF+GB,5,7,1,1,262.9942,0.6460003205035261
5,12,RF+GB,5,7,1,1,263.9989,0.645940292632855
5,12,RF+GB,5,7,1,1,265.0031,0.6494263724805558
5,12,RF+GB,5,7,1,1,265.9983,0.6397196923022788
5,12,RF+GB,5,7,1,1,267.0032,0.6902600084296281
5,12,RF+GB,5,7,1,1,267.9985,0.7230242555038349
5,12,RF+GB,5,7,1,1,269.0014,0.7267876221215297
5,12,RF+GB,5,7,1,1,269.9975,0.728712994838326
5,12,RF+GB,5,7,1,1,271.003,0.7231417728096927
5,12,RF+GB,5,7,1,1,271.9947,0.733128768105209
5,12,RF+GB,5,7,1,1,273.0017,0.7118417214034343
5,12,RF+GB,5,7,1,1,273.9952,0.710091203435167
5,12,RF+GB,5,7,1,1,275.0027,0.6987082788972931
5,12,RF+GB,5,7,1,1,275.9961,0.6951289985273009
5,12,RF+GB,5,7,1,1,276.9996,0.709902643940981
5,12,RF+GB,5,7,1,1,277.9951,0.7125769862632714
5,12,RF+GB,5,7,1,1,278.9993,0.7075193345692886
5,12,RF+GB,5,7,1,1,279.9949,0.7101987817239688
5,12,RF+GB,5,7,1,1,280.9994,0.6814421973572508
5,12,RF+GB,5,7,1,1,282.0031,0.6795135881546488
5,12,RF+GB,5,7,1,1,282.9984,0.6802133443434211
5,12,RF+GB,5,7,1,1,283.9934,0.6776624202904709
5,12,RF+GB,5,7,1,1,284.9965,0.675996846233807
5,12,RF+GB,5,7,1,1,285.9926,0.6690893648261911
5,12,RF+GB,5,7,1,1,286.9979,0.6650222273684951
5,12,RF+GB,5,7,1,1,288.0005,0.6911968896703486
5,12,RF+GB,5,7,1,1,288.9972,0.6811790041412153
5,12,RF+GB,5,7,1,1,289.9999,0.6965311216342038
5,12,RF+GB,5,7,1,1,290.9973,0.681679617688718
5,12,RF+GB,5,7,1,1,292.0016,0.6714904244423523
5,12,RF+GB,5,7,1,1,292.9963,0.6779115620834864
5,12,RF+GB,5,7,1,1,294.0009,0.6790703500845694
5,12,RF+GB,5,7,1,1,294.9931,0.642016895893438
5,12,RF+GB,5,7,1,1,296.0004,0.6389747736255926
5,12,RF+GB,5,7,1,1,296.9958,0.6051381283195958
5,12,RF+GB,5,7,1,1,297.9999,0.60450885517102
5,12,RF+GB,5,7,1,1,298.994,0.5994606191723697
5,12,RF+GB,5,7,1,1,299.9984,0.6365319103190683
5,12,RF+GB,5,7,1,1,300.9926,0.6312368398553334
5,12,RF+GB,5,7,1,1,301.9978,0.6432959359658266
5,12,RF+GB,12,18,0,0,0.0,0.0006927509930191396
5,12,RF+GB,12,18,0,0,1.008357,4.132986703523562e-05
5,12,RF+GB,12,18,0,0,2.00824,0.000986401451184868
5,12,RF+GB,12,18,0,0,3.008948,0.007653637573601398
5,12,RF+GB,12,18,0,0,3.999748,0.004317266348756518
5,12,RF+GB,12,18,0,0,4.999649,0.0033762929383288703
5,12,RF+GB,12,18,0,0,6.000401,0.02116548002393459
5,12,RF+GB,12,18,0,0,6.999671,0.02884644537067791
5,12,RF+GB,12,18,0,0,8.000978,0.022422453387758265
5,12,RF+GB,12,18,0,0,9.002599,0.01182339556914699
5,12,RF+GB,12,18,0,0,10.0028,0.019792374994926577
5,12,RF+GB,12,18,0,0,11.00139,0.02509292832573392
5,12,RF+GB,12,18,0,0,12.00211,0.030882560066437484
5,12,RF+GB,12,18,0,0,13.00259,0.03294206054553365
5,12,RF+GB,12,18,0,0,14.00278,0.029425721297743953
5,12,RF+GB,12,18,0,0,15.00179,0.028996433343188837
5,12,RF+GB,12,18,0,0,16.00156,0.028079804209740617
5,12,RF+GB,12,18,0,0,17.0027,0.022353523230103298
5,12,RF+GB,12,18,0,0,18.00079,0.022820146188437876
5,12,RF+GB,12,18,0,0,19.00123,0.054607368872026364
5,12,RF+GB,12,18,0,0,20.00084,0.04989620389441302
5,12,RF+GB,12,18,0,0,21.00071,0.042480194153915775
5,12,RF+GB,12,18,0,0,22.00156,0.03823479695490149
5,12,RF+GB,12,18,0,0,23.00053,0.03273364500163038
5,12,RF+GB,12,18,0,0,24.00102,0.03364761127825627
5,12,RF+GB,12,18,0,0,25.00209,0.033169736366613425
5,12,RF+GB,12,18,0,0,26.0016,0.029466062357595624
5,12,RF+GB,12,18,0,0,27.00249,0.03004141284424582
5,12,RF+GB,12,18,0,0,28.0012,0.02769832279329413
5,12,RF+GB,12,18,0,0,29.00121,0.021315359716961767
5,12,RF+GB,12,18,0,0,30.00123,0.023691150379662896
5,12,RF+GB,12,18,0,0,31.00164,0.026426936550765157
5,12,RF+GB,12,18,0,0,32.00216,0.0368372005932775
5,12,RF+GB,12,18,0,0,33.00088,0.03444729526469011
5,12,RF+GB,12,18,0,0,34.00269,0.029300555954603725
5,12,RF+GB,12,18,0,0,35.00294,0.0364025088318265
5,12,RF+GB,12,18,0,0,36.00311,0.045984283704608594
5,12,RF+GB,12,18,0,0,37.00309,0.04598250312565655
5,12,RF+GB,12,18,0,0,38.00405,0.05061243510504789
5,12,RF+GB,12,18,0,0,39.00333,0.05751512408526507
5,12,RF+GB,12,18,0,0,40.00485,0.07187606300832568
5,12,RF+GB,12,18,0,0,41.00397,0.05633917878158329
5,12,RF+GB,12,18,0,0,42.00266,0.0652336764179969
5,12,RF+GB,12,18,0,0,43.00225,0.0868829080374825
5,12,RF+GB,12,18,0,0,44.00298,0.08898526075022219
5,12,RF+GB,12,18,0,0,45.00437,0.05458315050923055
5,12,RF+GB,12,18,0,0,46.00364,0.05638266358360186
5,12,RF+GB,12,18,0,0,47.00359,0.05313738958538578
5,12,RF+GB,12,18,0,0,48.0054,0.05762703605087908
5,12,RF+GB,12,18,0,0,49.00593,0.058702202673035296
5,12,RF+GB,12,18,0,0,50.00617,0.0557218991295485
5,12,RF+GB,12,18,0,0,51.00528,0.057876867262014735
5,12,RF+GB,12,18,0,0,52.00639,0.058820127993534095
5,12,RF+GB,12,18,1,1,53.00624,0.043947793551210854
5,12,RF+GB,12,18,1,1,54.00494,0.04517871460365249
5,12,RF+GB,12,18,1,1,55.00533,0.05183385128523693
5,12,RF+GB,12,18,1,1,56.00521,0.04591842517091059
5,12,RF+GB,12,18,1,1,57.00574,0.04693975534000386
5,12,RF+GB,12,18,1,1,58.0062,0.041370078963650844
5,12,RF+GB,12,18,1,1,59.00651,0.032937037828719457
5,12,RF+GB,12,18,1,1,60.0065,0.0311148780148523
5,12,RF+GB,12,18,1,1,61.00676,0.021145865188765666
5,12,RF+GB,12,18,1,1,62.00747,0.03280987019419734
5,12,RF+GB,12,18,1,1,63.00783,0.030122945735499555
5,12,RF+GB,12,18,1,1,64.00652,0.0432476919716343
5,12,RF+GB,12,18,1,1,65.00637,0.04826870743486564
5,12,RF+GB,12,18,1,1,66.00661,0.05392588115765675
5,12,RF+GB,12,18,1,1,67.00733,0.053172106394557994
5,12,RF+GB,12,18,1,1,68.0062,0.05863306043548539
5,12,RF+GB,12,18,1,1,69.00656,0.05950935251132207
5,12,RF+GB,12,18,1,1,70.00576,0.0676518752964465
5,12,RF+GB,12,18,1,1,71.007,0.07574819847408625
5,12,RF+GB,12,18,1,1,72.00552,0.0736990876334764
5,12,RF+GB,12,18,1,1,73.00641,0.0658112810762343
5,12,RF+GB,12,18,1,1,74.00616,0.06476027469041772
5,12,RF+GB,12,18,1,1,75.00674,0.0640387502244024
5,12,RF+GB,12,18,1,1,76.00529,0.05791854197475192
5,12,RF+GB,12,18,1,1,77.00492,0.054515894835919655
5,12,RF+GB,12,18,1,1,78.00499,0.04962459004307785
5,12,RF+GB,12,18,1,1,79.00438,0.05561947207071961
5,12,RF+GB,12,18,1,1,80.00517,0.05419630152111826
5,12,RF+GB,12,18,1,1,81.00525,0.05140817389204371
5,12,RF+GB,12,18,1,1,82.00571,0.04756522018190906
5,12,RF+GB,12,18,1,1,83.0059,0.04495361726327227
5,12,RF+GB,12,18,1,1,84.00636,0.0476338068345016
5,12,RF+GB,12,18,1,1,85.00627,0.04558666456295813
5,12,RF+GB,12,18,1,1,86.00544,0.0410234845962233
5,12,RF+GB,12,18,1,1,87.00535,0.04858249398299261
5,12,RF+GB,12,18,1,1,88.00661,0.04918951444042279
5,12,RF+GB,12,18,1,1,89.00671,0.05083632200664532
5,12,RF+GB,12,18,1,1,90.0069,0.04786320712875807
5,12,RF+GB,12,18,1,1,91.00655,0.051114919688133365
5,12,RF+GB,12,18,1,1,92.00586,0.05005804610867963
5,12,RF+GB,12,18,1,1,93.00626,0.05306681007283107
5,12,RF+GB,12,18,1,1,94.00586,0.04881099282351286
5,12,RF+GB,12,18,1,1,95.00709,0.050367423671847725
5,12,RF+GB,12,18,1,1,96.00739,0.07163016287338973
5,12,RF+GB,12,18,1,1,97.00674,0.09030127385592045
5,12,RF+GB,12,18,1,1,98.00808,0.10443862042803344
5,12,RF+GB,12,18,1,1,99.00751,0.1313393418228668
5,12,RF+GB,12,18,1,1,100.0077,0.1837545378962363
5,12,RF+GB,12,18,1,1,101.0096,0.2229307337064423
5,12,RF+GB,12,18,1,1,102.0074,0.1955442971585447
5,12,RF+GB,12,18,1,1,103.0078,0.15719326891578644
5,12,RF+GB,12,18,1,1,104.0074,0.11024704462420565
5,12,RF+GB,12,18,1,1,105.0075,0.0970264385685332
5,12,RF+GB,12,18,1,1,106.0091,0.13604849568203464
5,12,RF+GB,12,18,1,1,107.0098,0.15937873039278846
5,12,RF+GB,12,18,1,2,108.0099,0.31779333444210534
5,12,RF+GB,12,18,1,2,109.0091,0.3587845375023622
5,12,RF+GB,12,18,1,2,110.0078,0.37063661638807877
5,12,RF+GB,12,18,1,2,111.0087,0.4755553442741649
5,12,RF+GB,12,18,1,2,112.0099,0.18854969033321814
5,12,RF+GB,12,18,1,2,113.0093,0.17241824781960258
5,12,RF+GB,12,18,1,2,114.009,0.20042093279088027
5,12,RF+GB,12,18,1,2,115.0081,0.20598880278060733
5,12,RF+GB,12,18,1,2,116.0078,0.2582274547157834
5,12,RF+GB,12,18,1,2,117.0074,0.1869333345905285
5,12,RF+GB,12,18,1,2,118.0071,0.19087574380804512
5,12,RF+GB,12,18,1,2,119.0083,0.1616119566185138
5,12,RF+GB,12,18,1,2,120.009,0.16820520762197785
5,12,RF+GB,12,18,1,2,120.9984,0.30637134051569725
5,12,RF+GB,12,18,1,2,122.0074,0.27835358105717256
5,12,RF+GB,12,18,1,2,123.0077,0.4676056118800604
5,12,RF+GB,12,18,1,2,123.9986,0.5191210598423249
5,12,RF+GB,12,18,1,2,125.0092,0.45135672691454665
5,12,RF+GB,12,18,1,2,125.9986,0.4560166672414533
5,12,RF+GB,12,18,1,2,126.9988,0.45425808319339145
5,12,RF+GB,12,18,1,2,127.9989,0.43594169176291164
5,12,RF+GB,12,18,1,2,128.9988,0.5494695523412737
5,12,RF+GB,12,18,1,2,129.9991,0.557352204356155
5,12,RF+GB,12,18,1,2,130.9994,0.6401422972059743
5,12,RF+GB,12,18,1,2,131.999,0.6159029415987747
5,12,RF+GB,12,18,1,2,132.9998,0.700186155666624
5,12,RF+GB,12,18,1,2,133.9993,0.7376043191112911
5,12,RF+GB,12,18,1,2,134.9985,0.4604773670615836
5,12,RF+GB,12,18,1,2,135.9998,0.3194308678995173
5,12,RF+GB,12,18,1,2,136.9992,0.2560257658946839
5,12,RF+GB,12,18,1,2,137.9989,0.2610452791677843
5,12,RF+GB,12,18,1,2,138.9988,0.2549169026154303
5,12,RF+GB,12,18,1,2,139.9986,0.24770339269120537
5,12,RF+GB,12,18,1,2,140.9988,0.23504438356176965
5,12,RF+GB,12,18,1,2,141.9991,0.23322771611860654
5,12,RF+GB,12,18,1,2,142.9998,0.17908585607812907
5,12,RF+GB,12,18,1,2,143.9999,0.18052255658737323
5,12,RF+GB,12,18,1,2,145.0001,0.1628525906796853
5,12,RF+GB,12,18,1,2,146.001,0.15397886955584988
5,12,RF+GB,12,18,1,2,147.0007,0.16497939834669179
5,12,RF+GB,12,18,1,2,148.0004,0.18357697797447237
5,12,RF+GB,12,18,1,2,149.001,0.2290579925973841
5,12,RF+GB,12,18,1,2,150.0006,0.2067572437265257
5,12,RF+GB,12,18,1,2,151.0011,0.4990505523488056
5,12,RF+GB,12,18,1,2,152.0004,0.4974979296957186
5,12,RF+GB,12,18,1,2,153.001,0.506712692883829
5,12,RF+GB,12,18,1,2,154.0011,0.25792852203143174
5,12,RF+GB,12,18,1,2,155.0003,0.23693275693794402
5,12,RF+GB,12,18,1,2,156.001,0.18450647099594042
5,12,RF+GB,12,18,1,2,156.9993,0.17249535318325585
5,12,RF+GB,12,18,1,2,157.9988,0.16050658649419647
5,12,RF+GB,12,18,1,2,159.0003,0.16329842866201708
5,12,RF+GB,12,18,1,2,160.0008,0.31745560608564216
5,12,RF+GB,12,18,1,2,160.9996,0.2881469727172513
5,12,RF+GB,12,18,1,2,162.0001,0.39499508037125436
5,12,RF+GB,12,18,1,2,163.0001,0.35430893814092523
5,12,RF+GB,12,18,1,2,164.0005,0.42454271707060676
5,12,RF+GB,12,18,1,2,165.0004,0.4499269713770943
5,12,RF+GB,12,18,1,2,166.0017,0.4877134609359402
5,12,RF+GB,12,18,1,2,167.0011,0.6231717312473934
5,12,RF+GB,12,18,1,2,168.0008,0.6232134333650114
5,12,RF+GB,12,18,1,2,168.9998,0.5884198941583647
5,12,RF+GB,12,18,1,2,170.0002,0.6226425733246523
5,12,RF+GB,12,18,1,2,170.9997,0.3970172612645101
5,12,RF+GB,12,18,1,2,172.0014,0.37145256823189343
5,12,RF+GB,12,18,1,2,173.0018,0.4348382677999223
5,12,RF+GB,12,18,1,2,174.0013,0.29663789187941825
5,12,RF+GB,12,18,1,2,175.0014,0.34641527984908765
5,12,RF+GB,12,18,1,2,176.0028,0.31212004867444687
5,12,RF+GB,12,18,1,2,177.0029,0.31900468283668787
5,12,RF+GB,12,18,1,2,178.0038,0.31484349961040725
5,12,RF+GB,12,18,1,2,179.0038,0.32095611637356714
5,12,RF+GB,12,18,1,2,180.0031,0.40881217153411237
5,12,RF+GB,12,18,1,2,181.0029,0.42488997229196035
5,12,RF+GB,12,18,1,2,182.0026,0.4248438389203574
5,12,RF+GB,12,18,1,2,183.0027,0.4378133464634377
5,12,RF+GB,12,18,1,2,184.0022,0.571289707422222
5,12,RF+GB,12,18,1,2,185.0028,0.562452831271757
5,12,RF+GB,12,18,1,2,186.0024,0.5843141992256724
5,12,RF+GB,12,18,1,2,187.0021,0.597131893622721
5,12,RF+GB,12,18,1,2,188.0025,0.6008052440484486
5,12,RF+GB,12,18,1,3,189.0021,0.6077311754908908
5,12,RF+GB,12,18,1,3,190.0029,0.6229056347022242
5,12,RF+GB,12,18,1,3,191.0034,0.6593354033570331
5,12,RF+GB,12,18,1,3,192.002,0.6825823832983635
5,12,RF+GB,12,18,1,3,193.0013,0.7036893781780558
5,12,RF+GB,12,18,1,3,194.0016,0.743792031387845
5,12,RF+GB,12,18,1,3,195.0015,0.7867303302758468
5,12,RF+GB,12,18,1,3,196.0016,0.7908766202108384
5,12,RF+GB,12,18,1,3,197.0011,0.8003627333269319
5,12,RF+GB,12,18,1,3,198.0019,0.8181272692469103
5,12,RF+GB,12,18,1,3,199.0027,0.8219376138869978
5,12,RF+GB,12,18,1,3,200.0016,0.8204153413290248
5,12,RF+GB,12,18,1,3,201.0032,0.8229539796029021
5,12,RF+GB,12,18,1,1,202.0032,0.8229382753036858
5,12,RF+GB,12,18,1,1,203.0031,0.8234668718043798
5,12,RF+GB,12,18,1,1,204.0051,0.8115899717225749
5,12,RF+GB,12,18,1,1,205.0046,0.8120038695512728
5,12,RF+GB,12,18,1,1,206.0048,0.8071890354228806
5,12,RF+GB,12,18,1,1,207.0044,0.8096608764972844
5,12,RF+GB,12,18,1,1,208.0034,0.8078386494245333
5,12,RF+GB,12,18,1,1,209.0041,0.8066132815173649
5,12,RF+GB,12,18,1,1,210.0043,0.8007117078898304
5,12,RF+GB,12,18,1,1,211.0044,0.790490261225831
5,12,RF+GB,12,18,1,1,212.0051,0.7847458604056039
5,12,RF+GB,12,18,1,1,213.0056,0.7834518162343527
5,12,RF+GB,12,18,1,1,214.004,0.7740690878241355
5,12,RF+GB,12,18,1,1,215.0044,0.7711837993134767
5,12,RF+GB,12,18,1,1,216.0038,0.7418508419275223
5,12,RF+GB,12,18,1,1,217.0047,0.7300088910705376
5,12,RF+GB,12,18,1,1,218.0059,0.720464062687963
5,12,RF+GB,12,18,1,1,219.0059,0.6190897848772404
5,12,RF+GB,12,18,1,1,220.0052,0.6223145424890174
5,12,RF+GB,12,18,1,1,221.0061,0.6446893659334202
5,12,RF+GB,12,18,1,1,222.0059,0.6744307356096346
5,12,RF+GB,12,18,1,1,223.0056,0.6551267109000606
5,12,RF+GB,12,18,1,1,224.0057,0.6486860782568084
5,12,RF+GB,12,18,1,1,225.0056,0.6384077787745469
5,12,RF+GB,12,18,1,1,226.0055,0.661632732192541
5,12,RF+GB,12,18,1,1,227.0059,0.5538397076541482
5,12,RF+GB,12,18,1,1,228.005,0.5215310934515232
5,12,RF+GB,12,18,1,1,229.0065,0.5352368769533822
5,12,RF+GB,12,18,1,1,230.0075,0.5316283249346712
5,12,RF+GB,12,18,1,1,231.0063,0.5658872259598143
5,12,RF+GB,12,18,1,1,232.0068,0.5703372943576821
5,12,RF+GB,12,18,1,1,233.0066,0.5517148111821962
5,12,RF+GB,12,18,1,1,234.0066,0.5380180714475249
5,12,RF+GB,12,18,1,1,235.0065,0.5289103839497571
5,12,RF+GB,12,18,1,1,236.0055,0.5204845166078979
5,12,RF+GB,12,18,1,1,237.0056,0.5495397005826311
5,12,RF+GB,12,18,1,1,238.0052,0.5535495419042693
5,12,RF+GB,12,18,1,1,239.0056,0.5044926622241812
5,12,RF+GB,12,18,1,1,240.0051,0.4988534544349178
5,12,RF+GB,12,18,1,1,241.0055,0.5066007372493087
5,12,RF+GB,12,18,1,1,242.0062,0.4932999956140128
5,12,RF+GB,12,18,1,2,243.0076,0.5182243559606359
5,12,RF+GB,12,18,1,2,244.0073,0.5057767725842139
5,12,RF+GB,12,18,1,2,245.0063,0.5734883699560569
5,12,RF+GB,12,18,1,2,246.0071,0.5194747973107394
5,12,RF+GB,12,18,1,2,247.0066,0.5047571832082042
5,12,RF+GB,12,18,1,2,248.0063,0.5054844187613867
5,12,RF+GB,12,18,1,2,249.0063,0.5160618620332319
5,12,RF+GB,12,18,1,2,250.0067,0.5040639894073203
5,12,RF+GB,12,18,1,2,251.0069,0.49678348833269503
5,12,RF+GB,12,18,1,2,252.0063,0.4871834379874704
5,12,RF+GB,12,18,1,2,253.0062,0.5485298830109755
5,12,RF+GB,12,18,1,2,254.007,0.559378945465349
5,12,RF+GB,12,18,1,3,255.0065,0.5063236307198176
5,12,RF+GB,12,18,1,3,256.0077,0.509807990818098
5,12,RF+GB,12,18,1,3,257.0081,0.5420862571692711
5,12,RF+GB,12,18,1,3,258.0063,0.49940458290148204
5,12,RF+GB,12,18,1,3,259.008,0.5497442044439034
5,12,RF+GB,12,18,1,3,260.007,0.6225598809345925
5,12,RF+GB,12,18,1,3,261.0075,0.775367258849657
5,12,RF+GB,12,18,1,3,262.0077,0.7732622726488299
5,12,RF+GB,12,18,1,3,263.0085,0.7835454532505297
5,12,RF+GB,12,18,1,3,264.0075,0.7620737387073602
5,12,RF+GB,12,18,1,3,265.0075,0.7565298467505968
5,12,RF+GB,12,18,1,3,266.0073,0.7494545725831796
5,12,RF+GB,12,18,1,3,267.0079,0.7542167567322322
5,12,RF+GB,12,18,1,3,268.0078,0.7658499937110526
5,12,RF+GB,12,18,1,3,269.0071,0.7760116805797875
5,12,RF+GB,12,18,1,3,270.0084,0.7801574034360739
5,12,RF+GB,12,18,1,3,271.0077,0.7862273990196487
5,12,RF+GB,12,18,1,3,272.0077,0.7738963146306346
5,12,RF+GB,12,18,1,3,273.0062,0.7750520236013925
5,12,RF+GB,12,18,1,3,274.0075,0.7754642196681166
5,12,RF+GB,12,18,1,3,275.0082,0.7830778693263728
5,12,RF+GB,12,18,1,3,276.0084,0.7847922798567505
5,12,RF+GB,12,18,1,3,277.008,0.7794352779617881
5,12,RF+GB,12,18,1,3,278.0078,0.7829357458602655
5,12,RF+GB,12,18,1,3,279.0087,0.7740157766200495
5,12,RF+GB,12,18,1,3,279.9987,0.7634753164785684
5,12,RF+GB,12,18,1,3,280.9984,0.7723167043244523
5,12,RF+GB,12,18,1,3,282.0078,0.772957674843898
5,12,RF+GB,12,18,1,3,283.0088,0.7874415868247653
5,12,RF+GB,12,18,1,3,284.0084,0.7993646357950431
5,12,RF+GB,12,18,1,3,285.0089,0.8009804016539908
5,12,RF+GB,12,18,1,3,286.0092,0.7995486689220087
5,12,RF+GB,12,18,1,3,287.0081,0.7925265960109482
5,12,RF+GB,12,18,1,3,288.0087,0.796851472709178
5,12,RF+GB,12,18,1,3,289.0087,0.7951861589109223
5,12,RF+GB,12,18,1,3,290.0087,0.7979516951420834
5,12,RF+GB,12,18,1,3,290.9989,0.8036484892118103
5,12,RF+GB,12,18,1,3,291.9995,0.8057602479054372
5,12,RF+GB,12,18,1,3,293.0102,0.7998012074878812
5,12,RF+GB,12,18,1,3,293.9985,0.7859306395825562
5,12,RF+GB,12,18,1,3,295.0103,0.786508908746389
5,12,RF+GB,12,18,1,3,296.0102,0.7854713196722347
5,12,RF+GB,12,18,1,3,297.0093,0.7921426386018423
5,12,RF+GB,12,18,1,3,297.9989,0.7913256221824252
5,12,RF+GB,12,18,1,3,298.9991,0.790049970996598
5,12,RF+GB,12,18,1,3,299.9987,0.795348702179905
5,12,RF+GB,12,18,1,3,300.9995,0.7956484882594365
5,12,RF+GB,12,18,1,3,302.0092,0.7839075388019471
